1.790000000000000000e+02
2.424000000000000057e+02
3.027599999999999909e+02
2.725840000000000032e+02
3.160255999999999972e+02
2.837230400000000259e+02
2.962507360000000745e+02
2.197256624000000613e+02
2.232530961600000694e+02
2.753277865440001051e+02
2.999950078896001173e+02
3.741955071006400999e+02
3.443759563905761070e+02
3.196383607515185190e+02
2.587745246763666955e+02
2.094970722087300317e+02
1.962473649878570257e+02
1.894226284890713430e+02
1.827803656401642343e+02
1.854023290761478222e+02
2.418620961685330428e+02
2.791758865516797528e+02
2.552582978965117775e+02
2.950324681068606196e+02
2.722292212961745577e+02
3.416062991665571076e+02
4.048456692499014480e+02
4.622611023249113487e+02
4.569349920924202024e+02
4.210414928831781936e+02
3.501373435948603969e+02
3.133236092353743629e+02
2.880912483118369778e+02
3.387821234806532971e+02
3.096039111325879389e+02
2.101435200193291735e+02
2.279291680173962789e+02
2.174362512156566538e+02
2.104926260940910083e+02
1.965433634846819189e+02
1.972890271362137469e+02
2.014601244225923722e+02
2.532141119803331435e+02
2.546927007822998519e+02
2.316234307040698752e+02
2.628610876336629190e+02
3.388749788702966725e+02
3.762874809832670167e+02
3.372587328849403434e+02
3.941328595964463375e+02
4.119195736368017151e+02
3.565276162731215663e+02
3.318748546458094211e+02
3.870873691812284960e+02
3.550786322631056464e+02
4.537707690367950590e+02
4.824936921331155872e+02
5.231443229198040399e+02
5.065298906278236473e+02
5.122769015650412712e+02
4.395492114085371327e+02
4.234942902676834251e+02
3.865448612409150542e+02
4.175903751168235658e+02
3.912313376051412206e+02
4.481082038446270985e+02
4.938973834601644057e+02
5.818076451141480447e+02
5.304268806027332630e+02
5.092841925424599481e+02
5.044557732882140044e+02
4.313101959593926154e+02
4.805791763634533709e+02
4.984212587271080110e+02
4.585791328543972440e+02
4.409212195689574969e+02
4.121290976120617415e+02
4.017161878508555901e+02
3.595445690657700197e+02
3.683901121591930519e+02
3.914511009432737865e+02
3.420059908489463965e+02
3.727053917640517966e+02
3.258348525876465942e+02
3.053513673288819632e+02
2.905162305959937612e+02
2.797646075363944078e+02
2.702881467827550068e+02
2.275593321044795232e+02
3.069033988940315680e+02
3.273130590046284283e+02
3.723817531041656252e+02
3.702435777937490684e+02
3.545192200143741843e+02
4.269672980129367943e+02
3.779705682116431262e+02
4.517735113904788591e+02
4.544961602514309789e+02
4.976465442262879151e+02
4.479818898036591577e+02
4.202837008232932590e+02
3.692553307409639274e+02
4.227297976668675119e+02
4.551568179001807835e+02
5.029411361101627449e+02
5.728470224991465329e+02
5.605623202492319024e+02
4.642060882243087008e+02
4.069854794018778534e+02
4.332869314616900738e+02
3.798582383155210778e+02
3.532724144839689302e+02
3.598451730355720883e+02
4.006606557320149022e+02
3.633945901588134575e+02
3.754551311429321458e+02
3.759096180286389313e+02
4.473186562257750438e+02
4.967867906031975167e+02
5.383081115428777821e+02
5.731773003885900835e+02
5.377595703497311206e+02
4.526836133147580199e+02
4.082152519832822577e+02
3.931937267849540376e+02
4.993743541064586680e+02
3.942369186958128466e+02
3.980132268262315733e+02
4.970119041436084331e+02
4.921107137292476068e+02
5.522996423563228063e+02
5.571696781206904916e+02
4.971527103086214652e+02
3.985374392777592902e+02
3.278836953499833839e+02
3.012953258149850626e+02
2.770657932334865450e+02
4.225592139101379416e+02
5.110032925191242157e+02
4.992029632672118282e+02
4.449826669404906170e+02
5.244844002464415098e+02
6.017359602217974270e+02
5.745623641996177184e+02
5.388061277796559807e+02
5.520255150016903372e+02
6.244229635015212807e+02
5.896806671513692208e+02
5.924126004362323101e+02
5.099713403926090791e+02
4.196742063533481542e+02
4.309067857180133387e+02
5.246161071462120162e+02
4.428544964315908032e+02
5.177690467884317513e+02
5.280921421095886217e+02
5.389829278986297822e+02
4.779846351087667813e+02
4.424861715978901202e+02
4.505375544381011537e+02
5.089837989942910212e+02
5.262854190948619362e+02
5.036568771853757767e+02
5.131911894668381819e+02
6.144720705201543751e+02
6.155248634681389603e+02
5.834723771213250529e+02
6.048251394091926159e+02
5.081426254682733656e+02
4.965283629214460461e+02
4.740755266293014643e+02
4.765679739663713690e+02
5.331111765697343117e+02
5.626000589127609146e+02
4.805400530214848231e+02
4.664860477193363408e+02
4.109374429474027579e+02
3.941436986526625219e+02
4.117293287873962981e+02
3.342563959086566570e+02
3.412307563177910197e+02
4.339076806860119291e+02
3.932169126174107419e+02
4.264952213556696847e+02
4.773456992201027447e+02
4.547111292980924873e+02
4.789400163682832385e+02
5.219460147314549658e+02
5.583514132583094352e+02
5.186162719324785257e+02
5.831546447392306618e+02
5.729391802653076411e+02
5.369452622387768770e+02
4.765507360148992007e+02
4.524956624134093204e+02
5.291460961720683827e+02
4.961314865548615103e+02
5.042183378993753422e+02
5.277965041094378194e+02
5.073168536984940715e+02
4.044851683286446473e+02
3.580366514957801769e+02
4.437329863462021535e+02
4.365596877115819439e+02
5.150037189404237097e+02
5.229033470463813273e+02
5.463130123417432742e+02
5.417817111075689809e+02
5.135035399968121510e+02
5.880531859971309814e+02
6.583478673974178719e+02
7.018130806576762097e+02
7.665317725919086342e+02
7.076785953327176912e+02
6.918107357994458653e+02
6.671296622195012560e+02
6.374166959975511872e+02
6.381750263977960458e+02
5.644575237580164639e+02
5.964117713822148517e+02
5.709705942439934461e+02
6.027735348195941469e+02
6.131961813376348118e+02
6.294765632038713647e+02
5.742289068834843420e+02
4.895060161951359419e+02
5.391554145756223306e+02
5.860398731180600862e+02
6.070358858062541003e+02
5.462322972256287130e+02
4.709090675030658417e+02
5.179181607527592632e+02
5.234263446774833710e+02
5.120837102097350453e+02
5.020753391887615180e+02
5.519678052698853890e+02
4.777710247428968842e+02
4.420939222686072299e+02
4.387845300417465069e+02
4.596060770375718789e+02
4.662454693338146967e+02
4.940209224004332782e+02
5.171188301603899617e+02
5.801069471443510110e+02
6.349962524299158986e+02
5.712966271869242973e+02
6.155669644682318449e+02
5.650102680214087059e+02
5.660092412192677784e+02
4.978083170973409892e+02
4.683274853876068846e+02
4.120947368488462530e+02
4.770852631639615993e+02
5.334767368475654621e+02
5.022290631628089272e+02
4.989061568465280061e+02
4.520155411618752055e+02
4.993139870456876679e+02
4.040825883411188784e+02
4.229743295070069848e+02
4.906768965563063034e+02
3.943092069006756901e+02
3.478782862106081097e+02
3.806904575895473499e+02
3.937214118305926718e+02
4.044492706475334103e+02
3.749043435827800295e+02
4.729139092245020493e+02
4.735225183020518216e+02
5.111702664718466735e+02
5.249532398246619778e+02
5.126579158421958482e+02
5.615921242579762520e+02
5.096329118321786495e+02
4.692696206489608244e+02
4.942426585840647704e+02
5.784183927256583502e+02
5.668765534530924697e+02
6.098888981077832341e+02
5.558000082970048652e+02
5.001200074673043900e+02
