1.790000000000000000e+02
8.130000000000000000e+02
8.460000000000000000e+02
1.000000000000000000e+00
7.070000000000000000e+02
-7.000000000000000000e+00
4.090000000000000000e+02
-4.690000000000000000e+02
2.550000000000000000e+02
7.440000000000000000e+02
5.220000000000000000e+02
1.042000000000000000e+03
7.600000000000000000e+01
9.700000000000000000e+01
-2.890000000000000000e+02
-2.340000000000000000e+02
7.700000000000000000e+01
1.280000000000000000e+02
1.230000000000000000e+02
2.090000000000000000e+02
7.500000000000000000e+02
6.150000000000000000e+02
4.000000000000000000e+01
6.530000000000000000e+02
6.700000000000000000e+01
9.660000000000000000e+02
9.740000000000000000e+02
9.790000000000000000e+02
4.090000000000000000e+02
9.800000000000000000e+01
-2.880000000000000000e+02
-1.800000000000000000e+01
6.100000000000000000e+01
7.950000000000000000e+02
4.700000000000000000e+01
-6.850000000000000000e+02
3.880000000000000000e+02
1.230000000000000000e+02
1.480000000000000000e+02
7.100000000000000000e+01
2.040000000000000000e+02
2.390000000000000000e+02
7.190000000000000000e+02
2.680000000000000000e+02
2.400000000000000000e+01
5.440000000000000000e+02
1.023000000000000000e+03
7.130000000000000000e+02
-1.400000000000000000e+01
9.060000000000000000e+02
5.720000000000000000e+02
-1.420000000000000000e+02
1.100000000000000000e+02
8.840000000000000000e+02
6.700000000000000000e+01
1.342000000000000000e+03
7.410000000000000000e+02
8.890000000000000000e+02
3.570000000000000000e+02
5.640000000000000000e+02
-2.150000000000000000e+02
2.790000000000000000e+02
5.400000000000000000e+01
6.970000000000000000e+02
1.540000000000000000e+02
9.600000000000000000e+02
9.060000000000000000e+02
1.373000000000000000e+03
6.800000000000000000e+01
3.190000000000000000e+02
4.610000000000000000e+02
-2.270000000000000000e+02
9.240000000000000000e+02
6.590000000000000000e+02
1.000000000000000000e+02
2.820000000000000000e+02
1.530000000000000000e+02
3.080000000000000000e+02
-2.000000000000000000e+01
4.480000000000000000e+02
5.990000000000000000e+02
-1.030000000000000000e+02
6.490000000000000000e+02
-9.600000000000000000e+01
1.210000000000000000e+02
1.570000000000000000e+02
1.830000000000000000e+02
1.850000000000000000e+02
-1.570000000000000000e+02
1.021000000000000000e+03
5.110000000000000000e+02
7.780000000000000000e+02
3.510000000000000000e+02
2.130000000000000000e+02
1.079000000000000000e+03
-6.300000000000000000e+01
1.116000000000000000e+03
4.790000000000000000e+02
8.860000000000000000e+02
1.000000000000000000e+00
1.710000000000000000e+02
-9.000000000000000000e+01
9.040000000000000000e+02
7.470000000000000000e+02
9.330000000000000000e+02
1.202000000000000000e+03
4.500000000000000000e+02
-4.030000000000000000e+02
-1.080000000000000000e+02
6.700000000000000000e+02
-1.010000000000000000e+02
1.140000000000000000e+02
4.190000000000000000e+02
7.680000000000000000e+02
2.800000000000000000e+01
4.840000000000000000e+02
3.800000000000000000e+02
1.090000000000000000e+03
9.420000000000000000e+02
9.120000000000000000e+02
8.870000000000000000e+02
2.190000000000000000e+02
-3.130000000000000000e+02
8.000000000000000000e+00
2.580000000000000000e+02
1.455000000000000000e+03
-5.520000000000000000e+02
4.320000000000000000e+02
1.388000000000000000e+03
4.480000000000000000e+02
1.094000000000000000e+03
6.010000000000000000e+02
-4.300000000000000000e+01
-4.890000000000000000e+02
-3.080000000000000000e+02
6.200000000000000000e+01
5.900000000000000000e+01
1.732000000000000000e+03
1.307000000000000000e+03
3.930000000000000000e+02
-4.300000000000000000e+01
1.240000000000000000e+03
1.297000000000000000e+03
3.300000000000000000e+02
2.170000000000000000e+02
6.710000000000000000e+02
1.276000000000000000e+03
2.770000000000000000e+02
6.170000000000000000e+02
-2.320000000000000000e+02
-3.930000000000000000e+02
5.320000000000000000e+02
1.368000000000000000e+03
-2.930000000000000000e+02
1.192000000000000000e+03
6.210000000000000000e+02
6.370000000000000000e+02
-7.100000000000000000e+01
1.230000000000000000e+02
5.230000000000000000e+02
1.035000000000000000e+03
6.820000000000000000e+02
3.000000000000000000e+02
5.990000000000000000e+02
1.526000000000000000e+03
6.250000000000000000e+02
2.950000000000000000e+02
7.970000000000000000e+02
-3.620000000000000000e+02
3.920000000000000000e+02
2.720000000000000000e+02
4.990000000000000000e+02
1.042000000000000000e+03
8.280000000000000000e+02
-2.580000000000000000e+02
3.400000000000000000e+02
-8.900000000000000000e+01
2.430000000000000000e+02
5.700000000000000000e+02
-3.630000000000000000e+02
4.040000000000000000e+02
1.268000000000000000e+03
2.700000000000000000e+01
7.260000000000000000e+02
9.350000000000000000e+02
2.510000000000000000e+02
6.970000000000000000e+02
9.090000000000000000e+02
8.860000000000000000e+02
1.610000000000000000e+02
1.164000000000000000e+03
4.810000000000000000e+02
2.130000000000000000e+02
-6.700000000000000000e+01
2.360000000000000000e+02
1.219000000000000000e+03
1.990000000000000000e+02
5.770000000000000000e+02
7.400000000000000000e+02
3.230000000000000000e+02
-5.210000000000000000e+02
-6.000000000000000000e+01
1.215000000000000000e+03
3.720000000000000000e+02
1.221000000000000000e+03
5.940000000000000000e+02
7.570000000000000000e+02
5.010000000000000000e+02
2.590000000000000000e+02
1.259000000000000000e+03
1.291000000000000000e+03
1.093000000000000000e+03
1.349000000000000000e+03
1.780000000000000000e+02
5.490000000000000000e+02
4.450000000000000000e+02
3.700000000000000000e+02
6.450000000000000000e+02
-9.900000000000000000e+01
8.840000000000000000e+02
3.420000000000000000e+02
8.890000000000000000e+02
7.070000000000000000e+02
7.760000000000000000e+02
7.700000000000000000e+01
-2.730000000000000000e+02
9.860000000000000000e+02
1.008000000000000000e+03
7.960000000000000000e+02
-1.000000000000000000e+00
-2.070000000000000000e+02
9.410000000000000000e+02
5.730000000000000000e+02
4.100000000000000000e+02
4.120000000000000000e+02
1.001000000000000000e+03
-1.900000000000000000e+02
1.210000000000000000e+02
4.090000000000000000e+02
6.470000000000000000e+02
5.260000000000000000e+02
7.440000000000000000e+02
7.250000000000000000e+02
1.147000000000000000e+03
1.129000000000000000e+03
-2.000000000000000000e+00
1.014000000000000000e+03
1.100000000000000000e+02
5.750000000000000000e+02
-1.160000000000000000e+02
2.030000000000000000e+02
-9.400000000000000000e+01
1.062000000000000000e+03
1.041000000000000000e+03
2.210000000000000000e+02
4.690000000000000000e+02
3.000000000000000000e+01
9.250000000000000000e+02
-4.530000000000000000e+02
5.930000000000000000e+02
1.100000000000000000e+03
-4.730000000000000000e+02
-7.000000000000000000e+01
6.760000000000000000e+02
5.110000000000000000e+02
5.010000000000000000e+02
1.090000000000000000e+02
1.355000000000000000e+03
4.790000000000000000e+02
8.500000000000000000e+02
6.490000000000000000e+02
4.020000000000000000e+02
1.002000000000000000e+03
4.200000000000000000e+01
1.060000000000000000e+02
7.190000000000000000e+02
1.336000000000000000e+03
4.630000000000000000e+02
9.970000000000000000e+02
6.900000000000000000e+01
-1.000000000000000000e+00
