3.560000000000000000e+02
-9.000000000000000000e+00
9.600000000000000000e+01
-4.400000000000000000e+02
2.780000000000000000e+02
4.740000000000000000e+02
1.860000000000000000e+02
4.670000000000000000e+02
6.000000000000000000e+00
6.500000000000000000e+02
3.010000000000000000e+02
-1.030000000000000000e+02
-1.300000000000000000e+02
6.600000000000000000e+01
1.940000000000000000e+02
2.440000000000000000e+02
1.370000000000000000e+02
1.664000000000000000e+03
5.200000000000000000e+01
2.800000000000000000e+02
-3.780000000000000000e+02
3.880000000000000000e+02
9.000000000000000000e+00
-1.370000000000000000e+02
-4.990000000000000000e+02
-5.290000000000000000e+02
1.560000000000000000e+02
-6.100000000000000000e+01
-5.040000000000000000e+02
-4.960000000000000000e+02
3.300000000000000000e+02
-5.300000000000000000e+01
1.410000000000000000e+02
2.680000000000000000e+02
-4.300000000000000000e+01
1.110000000000000000e+02
-8.000000000000000000e+00
-5.230000000000000000e+02
-8.000000000000000000e+01
-3.800000000000000000e+01
5.450000000000000000e+02
-2.900000000000000000e+01
-4.660000000000000000e+02
-2.720000000000000000e+02
-2.200000000000000000e+02
4.650000000000000000e+02
2.710000000000000000e+02
-4.730000000000000000e+02
4.700000000000000000e+01
-4.360000000000000000e+02
6.900000000000000000e+01
1.040000000000000000e+02
-4.110000000000000000e+02
-1.570000000000000000e+02
3.200000000000000000e+01
-4.780000000000000000e+02
1.330000000000000000e+02
-2.000000000000000000e+01
-1.030000000000000000e+02
-1.910000000000000000e+02
3.810000000000000000e+02
-4.100000000000000000e+01
-2.360000000000000000e+02
2.360000000000000000e+02
-1.590000000000000000e+02
1.310000000000000000e+02
4.600000000000000000e+01
-1.060000000000000000e+02
-5.660000000000000000e+02
-1.700000000000000000e+01
-3.710000000000000000e+02
1.280000000000000000e+02
1.860000000000000000e+02
-1.280000000000000000e+02
1.610000000000000000e+02
-4.520000000000000000e+02
-5.890000000000000000e+02
-4.160000000000000000e+02
1.080000000000000000e+02
1.030000000000000000e+02
6.000000000000000000e+00
-2.060000000000000000e+02
2.930000000000000000e+02
2.720000000000000000e+02
2.550000000000000000e+02
2.380000000000000000e+02
1.050000000000000000e+02
-4.980000000000000000e+02
1.461000000000000000e+03
-9.100000000000000000e+01
6.600000000000000000e+01
6.100000000000000000e+01
5.520000000000000000e+02
-8.900000000000000000e+01
-1.110000000000000000e+02
-8.100000000000000000e+01
6.420000000000000000e+02
1.430000000000000000e+02
1.600000000000000000e+02
2.110000000000000000e+02
-1.250000000000000000e+02
9.700000000000000000e+01
2.700000000000000000e+01
-5.910000000000000000e+02
2.200000000000000000e+02
-1.600000000000000000e+01
-2.980000000000000000e+02
2.140000000000000000e+02
-4.820000000000000000e+02
-1.990000000000000000e+02
1.960000000000000000e+02
3.500000000000000000e+01
1.524000000000000000e+03
-1.130000000000000000e+02
-2.790000000000000000e+02
2.040000000000000000e+02
-5.100000000000000000e+01
3.370000000000000000e+02
2.000000000000000000e+00
2.450000000000000000e+02
3.740000000000000000e+02
-8.000000000000000000e+01
2.400000000000000000e+02
4.750000000000000000e+02
6.550000000000000000e+02
4.600000000000000000e+01
4.430000000000000000e+02
7.600000000000000000e+01
-1.790000000000000000e+02
1.176000000000000000e+03
-5.900000000000000000e+01
5.400000000000000000e+02
1.660000000000000000e+02
5.400000000000000000e+01
9.400000000000000000e+01
-8.400000000000000000e+01
-2.700000000000000000e+01
-1.460000000000000000e+02
3.030000000000000000e+02
-7.000000000000000000e+01
-1.010000000000000000e+02
1.520000000000000000e+02
-5.400000000000000000e+01
4.530000000000000000e+02
3.690000000000000000e+02
1.368000000000000000e+03
6.200000000000000000e+01
3.800000000000000000e+01
1.230000000000000000e+02
3.570000000000000000e+02
2.690000000000000000e+02
3.260000000000000000e+02
-5.190000000000000000e+02
1.340000000000000000e+02
-2.340000000000000000e+02
2.030000000000000000e+02
-9.600000000000000000e+01
-1.630000000000000000e+02
-5.200000000000000000e+01
1.780000000000000000e+02
-9.600000000000000000e+01
3.980000000000000000e+02
3.510000000000000000e+02
-2.080000000000000000e+02
-2.660000000000000000e+02
-3.000000000000000000e+00
-1.010000000000000000e+02
-4.990000000000000000e+02
1.010000000000000000e+02
-3.700000000000000000e+02
2.400000000000000000e+02
-1.660000000000000000e+02
-1.090000000000000000e+02
2.540000000000000000e+02
-5.010000000000000000e+02
9.000000000000000000e+01
4.270000000000000000e+02
2.280000000000000000e+02
-4.720000000000000000e+02
5.400000000000000000e+02
2.470000000000000000e+02
3.560000000000000000e+02
-2.510000000000000000e+02
3.860000000000000000e+02
-4.950000000000000000e+02
-6.500000000000000000e+01
1.990000000000000000e+02
-6.100000000000000000e+01
3.210000000000000000e+02
7.000000000000000000e+01
-2.380000000000000000e+02
1.610000000000000000e+02
-4.790000000000000000e+02
-1.120000000000000000e+02
-3.090000000000000000e+02
-7.400000000000000000e+01
3.790000000000000000e+02
-5.620000000000000000e+02
1.120000000000000000e+02
1.298000000000000000e+03
9.900000000000000000e+01
1.460000000000000000e+02
-7.100000000000000000e+01
1.380000000000000000e+02
5.460000000000000000e+02
2.300000000000000000e+01
1.720000000000000000e+02
2.420000000000000000e+02
2.500000000000000000e+01
-1.010000000000000000e+02
1.200000000000000000e+01
-1.910000000000000000e+02
3.520000000000000000e+02
8.800000000000000000e+01
-3.370000000000000000e+02
9.700000000000000000e+01
1.500000000000000000e+02
-2.000000000000000000e+02
-1.760000000000000000e+02
3.170000000000000000e+02
5.900000000000000000e+01
-1.120000000000000000e+02
1.350000000000000000e+02
-5.400000000000000000e+02
-8.300000000000000000e+01
2.420000000000000000e+02
-9.600000000000000000e+01
1.683000000000000000e+03
-1.390000000000000000e+02
-4.690000000000000000e+02
4.500000000000000000e+01
-5.010000000000000000e+02
5.460000000000000000e+02
5.020000000000000000e+02
1.110000000000000000e+02
5.300000000000000000e+01
1.850000000000000000e+02
1.310000000000000000e+02
1.424000000000000000e+03
2.930000000000000000e+02
5.040000000000000000e+02
4.480000000000000000e+02
1.225000000000000000e+03
1.700000000000000000e+02
-5.570000000000000000e+02
5.030000000000000000e+02
-3.990000000000000000e+02
2.510000000000000000e+02
-6.800000000000000000e+01
1.700000000000000000e+02
3.910000000000000000e+02
-2.850000000000000000e+02
5.200000000000000000e+02
2.500000000000000000e+01
-1.430000000000000000e+02
-6.000000000000000000e+00
3.950000000000000000e+02
-1.410000000000000000e+02
-1.620000000000000000e+02
-4.900000000000000000e+01
3.400000000000000000e+01
-3.900000000000000000e+02
3.760000000000000000e+02
1.600000000000000000e+02
1.080000000000000000e+02
3.440000000000000000e+02
0.000000000000000000e+00
5.700000000000000000e+01
3.310000000000000000e+02
2.370000000000000000e+02
2.100000000000000000e+02
3.000000000000000000e+01
1.050000000000000000e+02
3.090000000000000000e+02
-7.100000000000000000e+01
2.000000000000000000e+01
1.260000000000000000e+02
8.000000000000000000e+01
5.800000000000000000e+01
2.990000000000000000e+02
9.600000000000000000e+01
2.760000000000000000e+02
-7.400000000000000000e+01
-2.210000000000000000e+02
1.140000000000000000e+02
-2.930000000000000000e+02
1.406000000000000000e+03
-1.370000000000000000e+02
-4.750000000000000000e+02
-1.020000000000000000e+02
-6.900000000000000000e+01
2.630000000000000000e+02
-3.600000000000000000e+01
1.457000000000000000e+03
2.140000000000000000e+02
-1.900000000000000000e+02
3.690000000000000000e+02
2.850000000000000000e+02
2.530000000000000000e+02
-2.000000000000000000e+01
6.900000000000000000e+01
1.420000000000000000e+03
1.500000000000000000e+01
-4.210000000000000000e+02
-7.000000000000000000e+01
7.800000000000000000e+01
2.350000000000000000e+02
1.970000000000000000e+02
1.220000000000000000e+02
3.920000000000000000e+02
-2.980000000000000000e+02
1.258000000000000000e+03
-8.000000000000000000e+01
-5.340000000000000000e+02
2.920000000000000000e+02
7.400000000000000000e+01
-7.600000000000000000e+01
-1.130000000000000000e+02
-3.900000000000000000e+02
3.700000000000000000e+02
-1.020000000000000000e+02
-3.000000000000000000e+01
5.930000000000000000e+02
2.070000000000000000e+02
5.000000000000000000e+00
1.295000000000000000e+03
3.820000000000000000e+02
1.960000000000000000e+02
-6.100000000000000000e+01
2.250000000000000000e+02
3.660000000000000000e+02
-1.000000000000000000e+00
1.610000000000000000e+02
2.520000000000000000e+02
1.360000000000000000e+02
1.900000000000000000e+02
8.700000000000000000e+01
-2.260000000000000000e+02
-5.040000000000000000e+02
-1.040000000000000000e+02
-5.420000000000000000e+02
-3.700000000000000000e+01
3.000000000000000000e+00
-3.700000000000000000e+01
6.800000000000000000e+01
-3.650000000000000000e+02
-6.230000000000000000e+02
-1.230000000000000000e+02
1.780000000000000000e+02
2.680000000000000000e+02
3.310000000000000000e+02
-4.200000000000000000e+02
2.710000000000000000e+02
-1.210000000000000000e+02
3.410000000000000000e+02
-2.000000000000000000e+01
-2.000000000000000000e+01
1.388000000000000000e+03
3.120000000000000000e+02
3.280000000000000000e+02
3.200000000000000000e+01
-1.830000000000000000e+02
2.760000000000000000e+02
3.330000000000000000e+02
-4.370000000000000000e+02
4.090000000000000000e+02
-7.000000000000000000e+01
5.660000000000000000e+02
1.120000000000000000e+02
1.050000000000000000e+02
4.230000000000000000e+02
1.470000000000000000e+02
1.491000000000000000e+03
-1.200000000000000000e+02
1.420000000000000000e+02
9.500000000000000000e+01
-1.420000000000000000e+02
1.260000000000000000e+02
-1.020000000000000000e+02
-4.980000000000000000e+02
-5.600000000000000000e+01
-2.000000000000000000e+00
-1.070000000000000000e+02
-1.130000000000000000e+02
-1.400000000000000000e+01
1.771000000000000000e+03
1.600000000000000000e+01
1.720000000000000000e+02
-3.000000000000000000e+01
2.320000000000000000e+02
2.250000000000000000e+02
3.100000000000000000e+02
-4.490000000000000000e+02
3.570000000000000000e+02
7.900000000000000000e+01
5.790000000000000000e+02
1.201000000000000000e+03
-3.800000000000000000e+01
-7.400000000000000000e+01
-8.000000000000000000e+00
4.000000000000000000e+00
4.180000000000000000e+02
-1.290000000000000000e+02
1.500000000000000000e+02
2.960000000000000000e+02
-1.330000000000000000e+02
1.800000000000000000e+01
-7.800000000000000000e+01
-3.800000000000000000e+01
-1.500000000000000000e+01
-1.730000000000000000e+02
-2.050000000000000000e+02
7.300000000000000000e+01
1.690000000000000000e+02
-1.110000000000000000e+02
1.276000000000000000e+03
3.600000000000000000e+02
2.250000000000000000e+02
4.500000000000000000e+01
1.900000000000000000e+01
-4.650000000000000000e+02
2.910000000000000000e+02
1.299000000000000000e+03
1.504000000000000000e+03
-6.000000000000000000e+00
1.591000000000000000e+03
5.200000000000000000e+01
-4.700000000000000000e+01
1.466000000000000000e+03
4.150000000000000000e+02
3.420000000000000000e+02
2.720000000000000000e+02
1.230000000000000000e+02
1.421000000000000000e+03
2.150000000000000000e+02
1.730000000000000000e+03
3.490000000000000000e+02
3.370000000000000000e+02
1.460000000000000000e+02
1.450000000000000000e+02
-9.000000000000000000e+00
4.260000000000000000e+02
1.406000000000000000e+03
-1.200000000000000000e+02
1.355000000000000000e+03
2.940000000000000000e+02
1.280000000000000000e+02
1.336000000000000000e+03
6.150000000000000000e+02
3.050000000000000000e+02
1.550000000000000000e+02
2.950000000000000000e+02
2.720000000000000000e+02
-5.190000000000000000e+02
-8.000000000000000000e+00
-8.000000000000000000e+01
-3.020000000000000000e+02
6.600000000000000000e+01
2.710000000000000000e+02
-1.030000000000000000e+02
4.210000000000000000e+02
-5.160000000000000000e+02
-1.350000000000000000e+02
1.920000000000000000e+02
8.000000000000000000e+00
1.650000000000000000e+02
2.080000000000000000e+02
2.160000000000000000e+02
1.626000000000000000e+03
3.060000000000000000e+02
8.500000000000000000e+01
5.900000000000000000e+02
-5.470000000000000000e+02
-9.900000000000000000e+01
1.500000000000000000e+01
1.364000000000000000e+03
3.480000000000000000e+02
1.718000000000000000e+03
3.600000000000000000e+01
-5.550000000000000000e+02
-5.440000000000000000e+02
-6.600000000000000000e+01
-9.600000000000000000e+01
4.160000000000000000e+02
-5.140000000000000000e+02
1.370000000000000000e+03
2.360000000000000000e+02
1.719000000000000000e+03
3.990000000000000000e+02
1.525000000000000000e+03
1.210000000000000000e+02
3.600000000000000000e+01
5.150000000000000000e+02
1.709000000000000000e+03
-4.900000000000000000e+02
2.040000000000000000e+02
3.990000000000000000e+02
-5.900000000000000000e+01
1.890000000000000000e+02
-1.750000000000000000e+02
-2.380000000000000000e+02
1.672000000000000000e+03
9.700000000000000000e+01
-1.880000000000000000e+02
9.600000000000000000e+01
-5.100000000000000000e+01
1.268000000000000000e+03
-1.210000000000000000e+02
-1.370000000000000000e+02
-5.100000000000000000e+01
-9.900000000000000000e+01
-1.590000000000000000e+02
-3.900000000000000000e+01
3.960000000000000000e+02
1.700000000000000000e+01
-1.970000000000000000e+02
2.710000000000000000e+02
-5.300000000000000000e+01
1.394000000000000000e+03
-1.500000000000000000e+01
9.500000000000000000e+01
-4.950000000000000000e+02
2.830000000000000000e+02
-3.520000000000000000e+02
4.910000000000000000e+02
1.559000000000000000e+03
4.910000000000000000e+02
-2.080000000000000000e+02
-1.410000000000000000e+02
3.600000000000000000e+01
5.500000000000000000e+01
7.800000000000000000e+01
2.630000000000000000e+02
1.611000000000000000e+03
-1.870000000000000000e+02
3.500000000000000000e+02
6.300000000000000000e+01
-5.300000000000000000e+01
1.210000000000000000e+02
-2.460000000000000000e+02
2.630000000000000000e+02
-6.000000000000000000e+01
-5.040000000000000000e+02
-6.700000000000000000e+01
1.200000000000000000e+01
-9.300000000000000000e+01
1.010000000000000000e+02
-4.670000000000000000e+02
6.810000000000000000e+02
4.940000000000000000e+02
4.500000000000000000e+01
4.540000000000000000e+02
9.100000000000000000e+01
2.910000000000000000e+02
9.000000000000000000e+00
-2.000000000000000000e+00
1.345000000000000000e+03
1.228000000000000000e+03
4.720000000000000000e+02
-3.360000000000000000e+02
-1.290000000000000000e+02
1.880000000000000000e+02
2.160000000000000000e+02
1.600000000000000000e+02
-7.200000000000000000e+01
7.450000000000000000e+02
3.600000000000000000e+01
2.930000000000000000e+02
2.090000000000000000e+02
1.493000000000000000e+03
3.480000000000000000e+02
-4.670000000000000000e+02
1.000000000000000000e+01
-6.200000000000000000e+01
-4.660000000000000000e+02
3.700000000000000000e+02
1.830000000000000000e+02
1.830000000000000000e+02
1.930000000000000000e+02
3.700000000000000000e+01
-3.300000000000000000e+01
1.700000000000000000e+01
-2.200000000000000000e+01
7.080000000000000000e+02
5.280000000000000000e+02
-1.030000000000000000e+02
2.380000000000000000e+02
2.300000000000000000e+01
-1.980000000000000000e+02
-2.360000000000000000e+02
6.640000000000000000e+02
2.760000000000000000e+02
2.630000000000000000e+02
2.230000000000000000e+02
2.530000000000000000e+02
1.409000000000000000e+03
1.210000000000000000e+02
1.210000000000000000e+02
1.360000000000000000e+02
6.670000000000000000e+02
4.000000000000000000e+01
4.990000000000000000e+02
1.806000000000000000e+03
-9.300000000000000000e+01
-3.530000000000000000e+02
-5.980000000000000000e+02
1.180000000000000000e+02
4.490000000000000000e+02
3.650000000000000000e+02
3.050000000000000000e+02
2.560000000000000000e+02
4.210000000000000000e+02
-1.940000000000000000e+02
-6.400000000000000000e+01
3.040000000000000000e+02
-5.120000000000000000e+02
4.040000000000000000e+02
-1.100000000000000000e+01
2.440000000000000000e+02
8.000000000000000000e+01
1.060000000000000000e+02
9.800000000000000000e+01
1.800000000000000000e+02
1.410000000000000000e+03
4.840000000000000000e+02
1.620000000000000000e+03
5.980000000000000000e+02
-4.700000000000000000e+01
7.740000000000000000e+02
5.040000000000000000e+02
5.300000000000000000e+01
-8.000000000000000000e+00
1.230000000000000000e+02
2.190000000000000000e+02
-1.310000000000000000e+02
1.540000000000000000e+02
-5.380000000000000000e+02
5.320000000000000000e+02
-1.320000000000000000e+02
1.270000000000000000e+02
1.420000000000000000e+02
9.400000000000000000e+01
-3.100000000000000000e+01
3.150000000000000000e+02
9.600000000000000000e+01
7.100000000000000000e+01
-1.410000000000000000e+02
2.810000000000000000e+02
1.370000000000000000e+02
-1.780000000000000000e+02
3.820000000000000000e+02
-1.380000000000000000e+02
-1.010000000000000000e+02
4.090000000000000000e+02
-4.710000000000000000e+02
1.573000000000000000e+03
2.150000000000000000e+02
4.000000000000000000e+01
2.700000000000000000e+01
1.208000000000000000e+03
8.300000000000000000e+01
1.950000000000000000e+02
3.080000000000000000e+02
1.900000000000000000e+02
-1.490000000000000000e+02
2.110000000000000000e+02
6.700000000000000000e+01
3.350000000000000000e+02
-7.800000000000000000e+01
1.413000000000000000e+03
3.970000000000000000e+02
1.190000000000000000e+02
1.400000000000000000e+02
4.820000000000000000e+02
3.080000000000000000e+02
1.210000000000000000e+02
-5.680000000000000000e+02
-1.680000000000000000e+02
-5.170000000000000000e+02
4.880000000000000000e+02
2.100000000000000000e+02
1.515000000000000000e+03
6.170000000000000000e+02
3.420000000000000000e+02
-2.500000000000000000e+01
2.000000000000000000e+01
6.980000000000000000e+02
3.900000000000000000e+01
6.500000000000000000e+01
6.250000000000000000e+02
2.880000000000000000e+02
-1.170000000000000000e+02
1.577000000000000000e+03
3.430000000000000000e+02
2.220000000000000000e+02
2.700000000000000000e+01
1.545000000000000000e+03
-2.000000000000000000e+01
3.710000000000000000e+02
5.900000000000000000e+02
2.170000000000000000e+02
2.310000000000000000e+02
-4.730000000000000000e+02
1.335000000000000000e+03
2.740000000000000000e+02
-4.650000000000000000e+02
1.711000000000000000e+03
1.030000000000000000e+02
-4.900000000000000000e+01
6.930000000000000000e+02
3.420000000000000000e+02
-1.120000000000000000e+02
3.450000000000000000e+02
1.000000000000000000e+02
2.580000000000000000e+02
1.497000000000000000e+03
1.492000000000000000e+03
1.790000000000000000e+02
3.490000000000000000e+02
-4.140000000000000000e+02
2.300000000000000000e+01
3.000000000000000000e+00
4.200000000000000000e+01
1.052000000000000000e+03
7.740000000000000000e+02
2.530000000000000000e+02
3.120000000000000000e+02
-7.000000000000000000e+00
9.400000000000000000e+01
-1.660000000000000000e+02
2.620000000000000000e+02
-2.200000000000000000e+01
3.160000000000000000e+02
6.000000000000000000e+00
3.500000000000000000e+01
3.400000000000000000e+01
4.020000000000000000e+02
1.651000000000000000e+03
1.445000000000000000e+03
1.658000000000000000e+03
2.260000000000000000e+02
-9.900000000000000000e+01
4.500000000000000000e+01
6.680000000000000000e+02
1.580000000000000000e+02
-6.960000000000000000e+02
-9.900000000000000000e+01
1.170000000000000000e+02
1.663000000000000000e+03
-1.270000000000000000e+02
-7.500000000000000000e+01
-4.890000000000000000e+02
1.375000000000000000e+03
2.110000000000000000e+02
-2.100000000000000000e+01
7.100000000000000000e+01
1.920000000000000000e+02
3.280000000000000000e+02
-2.100000000000000000e+01
3.320000000000000000e+02
5.900000000000000000e+01
4.510000000000000000e+02
2.790000000000000000e+02
1.636000000000000000e+03
4.790000000000000000e+02
4.740000000000000000e+02
3.710000000000000000e+02
2.940000000000000000e+02
2.740000000000000000e+02
5.040000000000000000e+02
2.720000000000000000e+02
1.444000000000000000e+03
-1.190000000000000000e+02
7.800000000000000000e+02
-1.170000000000000000e+02
1.210000000000000000e+02
2.970000000000000000e+02
-1.000000000000000000e+02
1.740000000000000000e+02
8.000000000000000000e+00
1.440000000000000000e+02
-1.010000000000000000e+02
-1.000000000000000000e+02
7.040000000000000000e+02
6.430000000000000000e+02
-9.260000000000000000e+02
1.369000000000000000e+03
-4.510000000000000000e+02
1.890000000000000000e+02
1.560000000000000000e+02
3.190000000000000000e+02
9.000000000000000000e+01
-4.860000000000000000e+02
1.731000000000000000e+03
1.410000000000000000e+02
1.910000000000000000e+02
1.463000000000000000e+03
-2.000000000000000000e+00
2.850000000000000000e+02
1.740000000000000000e+02
-1.070000000000000000e+02
1.730000000000000000e+02
1.066000000000000000e+03
1.000000000000000000e+01
1.800000000000000000e+01
-1.620000000000000000e+02
-4.310000000000000000e+02
1.860000000000000000e+02
3.790000000000000000e+02
0.000000000000000000e+00
1.530000000000000000e+03
-9.200000000000000000e+01
1.733000000000000000e+03
2.130000000000000000e+02
1.393000000000000000e+03
1.395000000000000000e+03
1.740000000000000000e+02
2.030000000000000000e+02
-6.910000000000000000e+02
1.777000000000000000e+03
2.540000000000000000e+02
-2.680000000000000000e+02
2.180000000000000000e+02
-7.900000000000000000e+01
1.490000000000000000e+02
-8.300000000000000000e+01
2.430000000000000000e+02
1.670000000000000000e+02
-1.700000000000000000e+01
1.980000000000000000e+02
1.950000000000000000e+02
1.780000000000000000e+02
5.610000000000000000e+02
4.950000000000000000e+02
1.449000000000000000e+03
1.692000000000000000e+03
-6.500000000000000000e+01
7.100000000000000000e+01
3.030000000000000000e+02
-4.800000000000000000e+01
1.547000000000000000e+03
6.360000000000000000e+02
-8.600000000000000000e+01
1.375000000000000000e+03
-1.030000000000000000e+02
2.740000000000000000e+02
2.070000000000000000e+02
1.720000000000000000e+03
5.640000000000000000e+02
2.670000000000000000e+02
-6.340000000000000000e+02
7.400000000000000000e+01
3.530000000000000000e+02
2.760000000000000000e+02
-3.120000000000000000e+02
8.500000000000000000e+01
4.260000000000000000e+02
7.800000000000000000e+01
1.371000000000000000e+03
-4.300000000000000000e+01
9.260000000000000000e+02
3.350000000000000000e+02
4.740000000000000000e+02
2.650000000000000000e+02
2.300000000000000000e+02
3.630000000000000000e+02
-1.440000000000000000e+02
1.820000000000000000e+02
-1.580000000000000000e+02
2.000000000000000000e+00
1.325000000000000000e+03
1.340000000000000000e+02
-1.400000000000000000e+01
1.170000000000000000e+02
1.500000000000000000e+01
4.590000000000000000e+02
5.630000000000000000e+02
1.730000000000000000e+02
6.630000000000000000e+02
3.140000000000000000e+02
-5.010000000000000000e+02
9.500000000000000000e+01
1.410000000000000000e+02
1.437000000000000000e+03
1.665000000000000000e+03
5.080000000000000000e+02
7.500000000000000000e+01
1.330000000000000000e+03
1.030000000000000000e+02
5.210000000000000000e+02
6.180000000000000000e+02
3.230000000000000000e+02
3.430000000000000000e+02
2.560000000000000000e+02
-2.140000000000000000e+02
-9.200000000000000000e+01
0.000000000000000000e+00
-3.200000000000000000e+01
1.618000000000000000e+03
-3.300000000000000000e+01
2.080000000000000000e+02
5.500000000000000000e+01
3.200000000000000000e+01
-8.200000000000000000e+01
2.450000000000000000e+02
1.596000000000000000e+03
3.270000000000000000e+02
3.130000000000000000e+02
3.230000000000000000e+02
-9.900000000000000000e+01
4.030000000000000000e+02
3.600000000000000000e+01
6.500000000000000000e+01
1.580000000000000000e+02
2.330000000000000000e+02
-4.600000000000000000e+02
4.200000000000000000e+02
4.880000000000000000e+02
-1.000000000000000000e+01
5.320000000000000000e+02
-3.700000000000000000e+01
-1.950000000000000000e+02
1.575000000000000000e+03
-9.400000000000000000e+01
5.900000000000000000e+01
4.130000000000000000e+02
2.400000000000000000e+02
6.700000000000000000e+02
5.130000000000000000e+02
6.100000000000000000e+01
1.920000000000000000e+02
1.300000000000000000e+01
4.280000000000000000e+02
1.622000000000000000e+03
1.390000000000000000e+02
3.610000000000000000e+02
2.530000000000000000e+02
2.220000000000000000e+02
1.210000000000000000e+02
2.220000000000000000e+02
9.760000000000000000e+02
1.060000000000000000e+02
2.860000000000000000e+02
9.200000000000000000e+01
1.645000000000000000e+03
8.900000000000000000e+01
3.020000000000000000e+02
1.437000000000000000e+03
4.060000000000000000e+02
1.620000000000000000e+03
2.040000000000000000e+02
2.030000000000000000e+02
-3.000000000000000000e+00
1.572000000000000000e+03
2.650000000000000000e+02
1.060000000000000000e+02
2.230000000000000000e+02
-1.450000000000000000e+02
7.900000000000000000e+01
2.510000000000000000e+02
2.240000000000000000e+02
-4.990000000000000000e+02
2.840000000000000000e+02
-3.700000000000000000e+01
-3.200000000000000000e+01
1.243000000000000000e+03
-5.000000000000000000e+01
3.550000000000000000e+02
6.600000000000000000e+01
1.459000000000000000e+03
5.800000000000000000e+01
9.200000000000000000e+01
5.350000000000000000e+02
4.380000000000000000e+02
2.140000000000000000e+02
1.406000000000000000e+03
2.340000000000000000e+02
1.460000000000000000e+03
3.700000000000000000e+02
-5.730000000000000000e+02
5.200000000000000000e+01
1.562000000000000000e+03
-1.230000000000000000e+02
1.528000000000000000e+03
-5.020000000000000000e+02
5.740000000000000000e+02
4.870000000000000000e+02
-4.000000000000000000e+01
5.440000000000000000e+02
-4.620000000000000000e+02
2.030000000000000000e+02
-4.800000000000000000e+01
3.270000000000000000e+02
1.174000000000000000e+03
-3.300000000000000000e+01
-5.000000000000000000e+01
-1.070000000000000000e+02
1.672000000000000000e+03
1.160000000000000000e+02
-2.100000000000000000e+01
1.331000000000000000e+03
2.490000000000000000e+02
5.500000000000000000e+01
1.439000000000000000e+03
1.342000000000000000e+03
3.130000000000000000e+02
-6.300000000000000000e+01
6.120000000000000000e+02
1.190000000000000000e+03
-5.300000000000000000e+01
-4.700000000000000000e+01
6.500000000000000000e+01
4.070000000000000000e+02
-4.850000000000000000e+02
1.522000000000000000e+03
7.900000000000000000e+01
1.442000000000000000e+03
2.370000000000000000e+02
1.040000000000000000e+02
3.360000000000000000e+02
4.000000000000000000e+02
3.550000000000000000e+02
-3.080000000000000000e+02
7.800000000000000000e+01
4.540000000000000000e+02
4.130000000000000000e+02
-9.800000000000000000e+01
1.090000000000000000e+02
6.700000000000000000e+01
1.280000000000000000e+03
1.531000000000000000e+03
1.444000000000000000e+03
-9.000000000000000000e+00
2.510000000000000000e+02
1.429000000000000000e+03
1.471000000000000000e+03
-1.900000000000000000e+01
2.400000000000000000e+01
5.480000000000000000e+02
3.130000000000000000e+02
4.010000000000000000e+02
3.690000000000000000e+02
-9.000000000000000000e+00
1.650000000000000000e+03
4.400000000000000000e+01
1.439000000000000000e+03
1.260000000000000000e+02
1.270000000000000000e+03
1.070000000000000000e+02
1.680000000000000000e+02
1.970000000000000000e+02
1.580000000000000000e+02
1.575000000000000000e+03
-2.000000000000000000e+00
1.364000000000000000e+03
-4.460000000000000000e+02
1.329000000000000000e+03
-1.030000000000000000e+02
2.870000000000000000e+02
3.320000000000000000e+02
4.650000000000000000e+02
1.437000000000000000e+03
3.130000000000000000e+02
1.768000000000000000e+03
1.489000000000000000e+03
3.730000000000000000e+02
6.850000000000000000e+02
1.493000000000000000e+03
1.476000000000000000e+03
-5.110000000000000000e+02
2.470000000000000000e+02
1.563000000000000000e+03
1.317000000000000000e+03
1.345000000000000000e+03
1.587000000000000000e+03
1.440000000000000000e+02
8.500000000000000000e+01
1.620000000000000000e+02
1.524000000000000000e+03
3.400000000000000000e+02
1.322000000000000000e+03
1.474000000000000000e+03
3.670000000000000000e+02
1.350000000000000000e+02
2.460000000000000000e+02
3.050000000000000000e+02
1.336000000000000000e+03
1.418000000000000000e+03
1.675000000000000000e+03
4.510000000000000000e+02
3.990000000000000000e+02
1.720000000000000000e+02
-7.900000000000000000e+01
-1.300000000000000000e+01
1.427000000000000000e+03
-4.330000000000000000e+02
2.940000000000000000e+02
-3.270000000000000000e+02
-2.700000000000000000e+01
1.212000000000000000e+03
-1.040000000000000000e+02
4.100000000000000000e+02
3.000000000000000000e+01
-1.280000000000000000e+02
1.579000000000000000e+03
5.500000000000000000e+02
4.720000000000000000e+02
1.635000000000000000e+03
1.701000000000000000e+03
-4.200000000000000000e+01
1.444000000000000000e+03
-5.100000000000000000e+02
2.250000000000000000e+02
1.498000000000000000e+03
4.800000000000000000e+02
5.200000000000000000e+01
3.900000000000000000e+02
4.600000000000000000e+01
5.110000000000000000e+02
1.540000000000000000e+03
3.630000000000000000e+02
1.477000000000000000e+03
1.710000000000000000e+02
2.120000000000000000e+02
1.439000000000000000e+03
1.522000000000000000e+03
-4.970000000000000000e+02
-5.060000000000000000e+02
1.374000000000000000e+03
9.000000000000000000e+01
1.259000000000000000e+03
4.510000000000000000e+02
8.880000000000000000e+02
1.434000000000000000e+03
4.560000000000000000e+02
-5.700000000000000000e+01
-6.800000000000000000e+01
1.527000000000000000e+03
5.610000000000000000e+02
1.387000000000000000e+03
3.610000000000000000e+02
1.344000000000000000e+03
3.820000000000000000e+02
1.500000000000000000e+03
-9.600000000000000000e+01
1.449000000000000000e+03
1.520000000000000000e+02
1.920000000000000000e+02
1.344000000000000000e+03
1.070000000000000000e+02
2.260000000000000000e+02
1.100000000000000000e+02
4.330000000000000000e+02
1.185000000000000000e+03
2.640000000000000000e+02
2.090000000000000000e+02
-6.700000000000000000e+01
5.160000000000000000e+02
-1.290000000000000000e+02
4.180000000000000000e+02
3.940000000000000000e+02
1.293000000000000000e+03
1.529000000000000000e+03
1.195000000000000000e+03
1.436000000000000000e+03
7.700000000000000000e+01
3.520000000000000000e+02
5.460000000000000000e+02
1.444000000000000000e+03
-3.700000000000000000e+01
-1.410000000000000000e+02
3.090000000000000000e+02
1.250000000000000000e+03
1.840000000000000000e+02
-8.300000000000000000e+01
4.360000000000000000e+02
1.930000000000000000e+02
1.618000000000000000e+03
-1.390000000000000000e+02
4.230000000000000000e+02
1.432000000000000000e+03
3.890000000000000000e+02
1.392000000000000000e+03
5.400000000000000000e+01
1.718000000000000000e+03
1.505000000000000000e+03
2.920000000000000000e+02
-9.300000000000000000e+01
7.400000000000000000e+01
6.020000000000000000e+02
-5.010000000000000000e+02
3.980000000000000000e+02
4.300000000000000000e+01
5.920000000000000000e+02
4.690000000000000000e+02
-3.000000000000000000e+01
1.100000000000000000e+02
1.223000000000000000e+03
6.170000000000000000e+02
4.210000000000000000e+02
2.430000000000000000e+02
4.000000000000000000e+00
2.260000000000000000e+02
1.440000000000000000e+03
1.442000000000000000e+03
5.140000000000000000e+02
1.547000000000000000e+03
3.670000000000000000e+02
3.980000000000000000e+02
1.040000000000000000e+02
1.280000000000000000e+02
7.400000000000000000e+01
3.140000000000000000e+02
3.900000000000000000e+01
1.308000000000000000e+03
-6.100000000000000000e+01
4.050000000000000000e+02
1.616000000000000000e+03
-6.700000000000000000e+01
3.200000000000000000e+02
3.110000000000000000e+02
6.090000000000000000e+02
8.880000000000000000e+02
1.513000000000000000e+03
8.200000000000000000e+01
-2.000000000000000000e+00
1.606000000000000000e+03
5.300000000000000000e+01
3.550000000000000000e+02
4.900000000000000000e+02
1.680000000000000000e+02
5.030000000000000000e+02
-1.720000000000000000e+02
1.509000000000000000e+03
4.640000000000000000e+02
1.284000000000000000e+03
1.900000000000000000e+01
3.280000000000000000e+02
2.990000000000000000e+02
3.550000000000000000e+02
5.120000000000000000e+02
9.600000000000000000e+01
1.670000000000000000e+02
4.120000000000000000e+02
1.332000000000000000e+03
5.180000000000000000e+02
2.300000000000000000e+02
1.484000000000000000e+03
1.380000000000000000e+03
2.020000000000000000e+02
3.390000000000000000e+02
3.750000000000000000e+02
-5.010000000000000000e+02
1.633000000000000000e+03
3.310000000000000000e+02
3.890000000000000000e+02
-2.600000000000000000e+01
5.160000000000000000e+02
3.670000000000000000e+02
8.500000000000000000e+01
3.900000000000000000e+02
1.535000000000000000e+03
2.960000000000000000e+02
4.070000000000000000e+02
-1.800000000000000000e+01
2.930000000000000000e+02
2.600000000000000000e+01
4.000000000000000000e+01
3.460000000000000000e+02
9.000000000000000000e+01
-3.400000000000000000e+01
1.211000000000000000e+03
1.629000000000000000e+03
1.262000000000000000e+03
-8.000000000000000000e+01
2.940000000000000000e+02
-6.400000000000000000e+01
-8.900000000000000000e+01
1.345000000000000000e+03
-4.700000000000000000e+01
-9.900000000000000000e+01
4.400000000000000000e+02
4.350000000000000000e+02
1.536000000000000000e+03
1.327000000000000000e+03
-5.600000000000000000e+01
3.990000000000000000e+02
3.280000000000000000e+02
1.362000000000000000e+03
2.340000000000000000e+02
7.700000000000000000e+01
3.830000000000000000e+02
1.545000000000000000e+03
4.210000000000000000e+02
-7.300000000000000000e+01
1.466000000000000000e+03
1.456000000000000000e+03
6.500000000000000000e+02
5.960000000000000000e+02
4.970000000000000000e+02
1.060000000000000000e+02
-9.400000000000000000e+01
3.330000000000000000e+02
-4.600000000000000000e+01
4.110000000000000000e+02
2.990000000000000000e+02
-1.880000000000000000e+02
2.660000000000000000e+02
1.599000000000000000e+03
4.240000000000000000e+02
4.260000000000000000e+02
4.430000000000000000e+02
1.298000000000000000e+03
1.460000000000000000e+03
-7.400000000000000000e+01
1.443000000000000000e+03
1.615000000000000000e+03
2.150000000000000000e+02
3.550000000000000000e+02
1.369000000000000000e+03
-5.100000000000000000e+02
-3.000000000000000000e+00
3.440000000000000000e+02
1.546000000000000000e+03
-6.100000000000000000e+01
3.000000000000000000e+02
2.530000000000000000e+02
-2.270000000000000000e+02
2.330000000000000000e+02
1.660000000000000000e+03
3.190000000000000000e+02
1.615000000000000000e+03
1.534000000000000000e+03
2.090000000000000000e+02
3.400000000000000000e+01
2.400000000000000000e+01
4.260000000000000000e+02
5.440000000000000000e+02
1.224000000000000000e+03
2.130000000000000000e+02
1.500000000000000000e+03
1.663000000000000000e+03
-9.400000000000000000e+01
1.210000000000000000e+02
1.626000000000000000e+03
-5.010000000000000000e+02
2.300000000000000000e+02
4.400000000000000000e+02
1.505000000000000000e+03
6.430000000000000000e+02
3.340000000000000000e+02
1.522000000000000000e+03
4.760000000000000000e+02
1.398000000000000000e+03
1.120000000000000000e+02
1.510000000000000000e+03
5.180000000000000000e+02
-1.390000000000000000e+02
1.890000000000000000e+02
4.510000000000000000e+02
1.630000000000000000e+02
-5.230000000000000000e+02
1.571000000000000000e+03
1.373000000000000000e+03
1.900000000000000000e+03
4.900000000000000000e+01
-8.000000000000000000e+01
2.630000000000000000e+02
3.030000000000000000e+02
4.030000000000000000e+02
1.280000000000000000e+03
-4.000000000000000000e+01
4.960000000000000000e+02
1.130000000000000000e+02
3.750000000000000000e+02
5.500000000000000000e+01
4.020000000000000000e+02
4.800000000000000000e+02
1.800000000000000000e+02
-1.070000000000000000e+02
-3.200000000000000000e+01
-2.900000000000000000e+01
8.100000000000000000e+01
3.900000000000000000e+01
-9.400000000000000000e+01
3.940000000000000000e+02
7.500000000000000000e+01
6.750000000000000000e+02
1.380000000000000000e+03
-1.400000000000000000e+01
6.900000000000000000e+01
3.900000000000000000e+01
2.000000000000000000e+02
3.170000000000000000e+02
-1.000000000000000000e+00
5.000000000000000000e+02
1.656000000000000000e+03
1.441000000000000000e+03
1.377000000000000000e+03
2.100000000000000000e+02
5.490000000000000000e+02
-1.020000000000000000e+02
1.860000000000000000e+02
4.800000000000000000e+02
1.481000000000000000e+03
1.678000000000000000e+03
1.430000000000000000e+03
5.680000000000000000e+02
8.000000000000000000e+01
2.210000000000000000e+02
-4.600000000000000000e+01
1.449000000000000000e+03
1.707000000000000000e+03
2.460000000000000000e+02
-4.360000000000000000e+02
1.563000000000000000e+03
1.453000000000000000e+03
1.398000000000000000e+03
1.436000000000000000e+03
5.300000000000000000e+01
1.830000000000000000e+02
-5.010000000000000000e+02
6.000000000000000000e+01
1.610000000000000000e+03
5.820000000000000000e+02
4.360000000000000000e+02
4.580000000000000000e+02
4.570000000000000000e+02
6.060000000000000000e+02
1.421000000000000000e+03
4.160000000000000000e+02
-1.080000000000000000e+02
-4.900000000000000000e+01
2.700000000000000000e+02
1.502000000000000000e+03
5.680000000000000000e+02
3.720000000000000000e+02
2.260000000000000000e+02
3.200000000000000000e+01
4.880000000000000000e+02
4.630000000000000000e+02
1.890000000000000000e+02
-2.780000000000000000e+02
2.690000000000000000e+02
1.410000000000000000e+03
2.900000000000000000e+01
1.581000000000000000e+03
-7.300000000000000000e+01
8.000000000000000000e+01
1.030000000000000000e+02
1.706000000000000000e+03
7.300000000000000000e+01
1.560000000000000000e+03
1.729000000000000000e+03
3.840000000000000000e+02
1.468000000000000000e+03
5.000000000000000000e+00
1.780000000000000000e+02
2.960000000000000000e+02
4.520000000000000000e+02
5.030000000000000000e+02
3.460000000000000000e+02
-1.770000000000000000e+02
-1.160000000000000000e+02
-4.700000000000000000e+01
5.120000000000000000e+02
2.820000000000000000e+02
1.390000000000000000e+02
1.541000000000000000e+03
4.440000000000000000e+02
1.704000000000000000e+03
-4.800000000000000000e+02
2.500000000000000000e+01
7.500000000000000000e+01
2.800000000000000000e+02
3.250000000000000000e+02
1.771000000000000000e+03
5.720000000000000000e+02
1.663000000000000000e+03
3.840000000000000000e+02
1.568000000000000000e+03
-9.500000000000000000e+01
-3.600000000000000000e+01
3.950000000000000000e+02
1.440000000000000000e+03
-2.400000000000000000e+01
1.589000000000000000e+03
9.000000000000000000e+01
3.420000000000000000e+02
1.500000000000000000e+01
3.300000000000000000e+01
1.300000000000000000e+01
2.760000000000000000e+02
3.310000000000000000e+02
3.710000000000000000e+02
1.606000000000000000e+03
1.662000000000000000e+03
3.020000000000000000e+02
1.487000000000000000e+03
1.728000000000000000e+03
-4.700000000000000000e+01
1.030000000000000000e+02
4.040000000000000000e+02
3.590000000000000000e+02
3.090000000000000000e+02
-1.010000000000000000e+02
6.430000000000000000e+02
-8.100000000000000000e+01
5.520000000000000000e+02
1.265000000000000000e+03
1.727000000000000000e+03
3.730000000000000000e+02
9.400000000000000000e+01
-1.280000000000000000e+02
4.720000000000000000e+02
-5.370000000000000000e+02
9.200000000000000000e+01
6.300000000000000000e+02
1.473000000000000000e+03
4.020000000000000000e+02
5.610000000000000000e+02
2.880000000000000000e+02
1.280000000000000000e+02
5.300000000000000000e+02
3.210000000000000000e+02
1.570000000000000000e+02
2.330000000000000000e+02
3.720000000000000000e+02
2.100000000000000000e+02
6.500000000000000000e+01
1.311000000000000000e+03
1.548000000000000000e+03
1.262000000000000000e+03
1.748000000000000000e+03
-1.010000000000000000e+02
-5.600000000000000000e+01
-6.900000000000000000e+01
1.900000000000000000e+01
1.586000000000000000e+03
1.528000000000000000e+03
-1.280000000000000000e+02
-5.900000000000000000e+01
2.140000000000000000e+02
3.410000000000000000e+02
9.400000000000000000e+01
-3.000000000000000000e+00
1.244000000000000000e+03
2.280000000000000000e+02
1.577000000000000000e+03
-1.800000000000000000e+01
4.250000000000000000e+02
4.030000000000000000e+02
3.800000000000000000e+01
1.371000000000000000e+03
5.800000000000000000e+02
4.560000000000000000e+02
1.311000000000000000e+03
-4.650000000000000000e+02
1.620000000000000000e+03
1.487000000000000000e+03
1.769000000000000000e+03
8.800000000000000000e+01
3.900000000000000000e+01
2.050000000000000000e+02
-9.800000000000000000e+01
1.564000000000000000e+03
1.545000000000000000e+03
3.670000000000000000e+02
3.320000000000000000e+02
5.530000000000000000e+02
1.100000000000000000e+01
-5.700000000000000000e+01
3.280000000000000000e+02
-5.600000000000000000e+01
1.359000000000000000e+03
3.810000000000000000e+02
3.920000000000000000e+02
9.000000000000000000e+01
1.545000000000000000e+03
2.610000000000000000e+02
1.840000000000000000e+02
4.040000000000000000e+02
3.470000000000000000e+02
2.390000000000000000e+02
2.330000000000000000e+02
1.571000000000000000e+03
1.573000000000000000e+03
3.110000000000000000e+02
2.550000000000000000e+02
4.570000000000000000e+02
3.250000000000000000e+02
2.190000000000000000e+02
4.140000000000000000e+02
2.650000000000000000e+02
-1.050000000000000000e+02
4.970000000000000000e+02
3.360000000000000000e+02
1.449000000000000000e+03
-1.400000000000000000e+01
3.320000000000000000e+02
4.670000000000000000e+02
5.790000000000000000e+02
1.457000000000000000e+03
1.130000000000000000e+02
8.800000000000000000e+01
1.215000000000000000e+03
3.030000000000000000e+02
3.540000000000000000e+02
-7.000000000000000000e+00
2.430000000000000000e+02
1.503000000000000000e+03
2.780000000000000000e+02
-5.230000000000000000e+02
2.710000000000000000e+02
-3.400000000000000000e+01
1.500000000000000000e+02
5.790000000000000000e+02
3.790000000000000000e+02
3.950000000000000000e+02
-3.200000000000000000e+01
1.400000000000000000e+03
2.150000000000000000e+02
5.300000000000000000e+01
3.680000000000000000e+02
2.940000000000000000e+02
3.020000000000000000e+02
1.310000000000000000e+03
2.770000000000000000e+02
1.371000000000000000e+03
2.800000000000000000e+02
5.000000000000000000e+00
5.570000000000000000e+02
4.400000000000000000e+01
3.280000000000000000e+02
1.580000000000000000e+03
1.427000000000000000e+03
1.590000000000000000e+03
3.470000000000000000e+02
6.330000000000000000e+02
3.750000000000000000e+02
5.930000000000000000e+02
-1.350000000000000000e+02
-1.000000000000000000e+02
-1.010000000000000000e+02
5.650000000000000000e+02
-1.140000000000000000e+02
1.450000000000000000e+02
4.040000000000000000e+02
-4.470000000000000000e+02
1.860000000000000000e+02
-4.500000000000000000e+01
-4.640000000000000000e+02
1.812000000000000000e+03
2.910000000000000000e+02
-4.800000000000000000e+02
3.310000000000000000e+02
2.590000000000000000e+02
3.480000000000000000e+02
2.460000000000000000e+02
2.840000000000000000e+02
1.220000000000000000e+03
1.090000000000000000e+02
1.334000000000000000e+03
3.060000000000000000e+02
1.584000000000000000e+03
3.770000000000000000e+02
5.670000000000000000e+02
1.810000000000000000e+02
-2.980000000000000000e+02
3.200000000000000000e+01
1.457000000000000000e+03
5.610000000000000000e+02
1.580000000000000000e+02
4.190000000000000000e+02
1.100000000000000000e+02
1.450000000000000000e+02
2.360000000000000000e+02
1.377000000000000000e+03
6.770000000000000000e+02
1.880000000000000000e+02
5.400000000000000000e+02
-1.010000000000000000e+02
5.000000000000000000e+00
2.800000000000000000e+02
4.780000000000000000e+02
1.545000000000000000e+03
1.450000000000000000e+03
4.500000000000000000e+02
1.430000000000000000e+02
1.430000000000000000e+02
4.990000000000000000e+02
1.666000000000000000e+03
1.700000000000000000e+01
-1.010000000000000000e+02
1.301000000000000000e+03
1.780000000000000000e+03
1.080000000000000000e+02
1.200000000000000000e+03
-9.900000000000000000e+01
-1.010000000000000000e+02
1.583000000000000000e+03
1.100000000000000000e+01
3.990000000000000000e+02
-3.800000000000000000e+01
3.080000000000000000e+02
1.665000000000000000e+03
2.660000000000000000e+02
4.990000000000000000e+02
2.290000000000000000e+02
5.440000000000000000e+02
3.310000000000000000e+02
2.550000000000000000e+02
-9.500000000000000000e+01
5.530000000000000000e+02
3.200000000000000000e+01
6.400000000000000000e+01
-1.820000000000000000e+02
1.463000000000000000e+03
2.720000000000000000e+02
1.890000000000000000e+02
5.400000000000000000e+02
2.600000000000000000e+01
1.393000000000000000e+03
6.300000000000000000e+01
3.130000000000000000e+02
1.316000000000000000e+03
2.820000000000000000e+02
1.702000000000000000e+03
4.600000000000000000e+02
2.860000000000000000e+02
5.000000000000000000e+00
5.800000000000000000e+01
-1.180000000000000000e+02
-2.140000000000000000e+02
2.250000000000000000e+02
1.060000000000000000e+02
7.500000000000000000e+01
-2.000000000000000000e+00
4.220000000000000000e+02
1.692000000000000000e+03
1.506000000000000000e+03
-8.000000000000000000e+00
1.588000000000000000e+03
1.507000000000000000e+03
1.468000000000000000e+03
1.683000000000000000e+03
2.540000000000000000e+02
2.400000000000000000e+02
4.640000000000000000e+02
1.741000000000000000e+03
1.499000000000000000e+03
1.564000000000000000e+03
1.540000000000000000e+02
4.960000000000000000e+02
6.530000000000000000e+02
1.110000000000000000e+02
-1.020000000000000000e+02
1.618000000000000000e+03
2.150000000000000000e+02
3.150000000000000000e+02
5.960000000000000000e+02
1.250000000000000000e+02
4.480000000000000000e+02
1.660000000000000000e+02
1.342000000000000000e+03
-5.400000000000000000e+01
3.590000000000000000e+02
2.790000000000000000e+02
-1.250000000000000000e+02
3.360000000000000000e+02
-8.100000000000000000e+01
9.200000000000000000e+01
1.418000000000000000e+03
2.620000000000000000e+02
-1.060000000000000000e+02
-5.000000000000000000e+01
1.480000000000000000e+03
1.836000000000000000e+03
-1.600000000000000000e+01
5.780000000000000000e+02
-8.600000000000000000e+01
1.458000000000000000e+03
1.570000000000000000e+03
3.630000000000000000e+02
1.090000000000000000e+02
1.540000000000000000e+02
4.480000000000000000e+02
6.390000000000000000e+02
-1.010000000000000000e+02
1.980000000000000000e+03
1.480000000000000000e+02
1.640000000000000000e+02
2.360000000000000000e+02
4.030000000000000000e+02
1.331000000000000000e+03
3.870000000000000000e+02
3.960000000000000000e+02
1.770000000000000000e+03
6.660000000000000000e+02
1.555000000000000000e+03
2.650000000000000000e+02
4.950000000000000000e+02
4.890000000000000000e+02
1.904000000000000000e+03
1.270000000000000000e+03
5.030000000000000000e+02
7.500000000000000000e+01
1.673000000000000000e+03
2.100000000000000000e+01
3.000000000000000000e+02
1.840000000000000000e+02
-5.600000000000000000e+01
5.560000000000000000e+02
8.700000000000000000e+01
3.590000000000000000e+02
3.000000000000000000e+01
2.150000000000000000e+02
1.459000000000000000e+03
-7.700000000000000000e+01
1.494000000000000000e+03
5.700000000000000000e+02
6.270000000000000000e+02
1.545000000000000000e+03
4.150000000000000000e+02
1.273000000000000000e+03
3.000000000000000000e+02
1.388000000000000000e+03
1.540000000000000000e+02
1.970000000000000000e+02
4.860000000000000000e+02
1.456000000000000000e+03
1.900000000000000000e+01
3.080000000000000000e+02
7.680000000000000000e+02
1.383000000000000000e+03
1.237000000000000000e+03
1.628000000000000000e+03
3.850000000000000000e+02
1.555000000000000000e+03
1.516000000000000000e+03
5.400000000000000000e+01
-4.420000000000000000e+02
1.750000000000000000e+02
1.382000000000000000e+03
1.666000000000000000e+03
6.290000000000000000e+02
3.200000000000000000e+01
1.631000000000000000e+03
-2.890000000000000000e+02
5.930000000000000000e+02
3.940000000000000000e+02
1.566000000000000000e+03
3.010000000000000000e+02
1.300000000000000000e+03
6.590000000000000000e+02
1.571000000000000000e+03
-2.400000000000000000e+01
1.746000000000000000e+03
3.540000000000000000e+02
1.130000000000000000e+02
-1.130000000000000000e+02
9.460000000000000000e+02
-7.900000000000000000e+01
1.787000000000000000e+03
6.600000000000000000e+01
1.208000000000000000e+03
2.810000000000000000e+02
1.862000000000000000e+03
-9.400000000000000000e+01
1.980000000000000000e+02
1.697000000000000000e+03
2.370000000000000000e+02
-3.800000000000000000e+01
5.000000000000000000e+02
2.900000000000000000e+01
1.110000000000000000e+02
1.460000000000000000e+02
3.580000000000000000e+02
1.780000000000000000e+02
4.100000000000000000e+01
1.237000000000000000e+03
1.486000000000000000e+03
1.364000000000000000e+03
3.000000000000000000e+00
1.624000000000000000e+03
4.920000000000000000e+02
4.080000000000000000e+02
5.190000000000000000e+02
1.775000000000000000e+03
3.530000000000000000e+02
6.180000000000000000e+02
1.375000000000000000e+03
5.610000000000000000e+02
3.500000000000000000e+02
1.500000000000000000e+02
-1.010000000000000000e+02
1.389000000000000000e+03
1.250000000000000000e+02
1.860000000000000000e+02
3.860000000000000000e+02
3.520000000000000000e+02
1.630000000000000000e+02
5.080000000000000000e+02
4.960000000000000000e+02
2.390000000000000000e+02
2.690000000000000000e+02
1.458000000000000000e+03
1.510000000000000000e+03
-6.200000000000000000e+01
4.430000000000000000e+02
3.650000000000000000e+02
-8.300000000000000000e+01
1.666000000000000000e+03
1.444000000000000000e+03
-3.400000000000000000e+01
1.466000000000000000e+03
5.280000000000000000e+02
-7.500000000000000000e+01
1.729000000000000000e+03
-2.600000000000000000e+01
1.741000000000000000e+03
2.620000000000000000e+02
5.930000000000000000e+02
4.940000000000000000e+02
1.780000000000000000e+03
8.500000000000000000e+01
1.462000000000000000e+03
-1.190000000000000000e+02
4.440000000000000000e+02
2.760000000000000000e+02
4.420000000000000000e+02
1.403000000000000000e+03
1.404000000000000000e+03
1.301000000000000000e+03
4.800000000000000000e+01
-4.500000000000000000e+02
1.184000000000000000e+03
1.515000000000000000e+03
6.200000000000000000e+01
1.467000000000000000e+03
2.230000000000000000e+02
1.440000000000000000e+03
4.600000000000000000e+02
2.700000000000000000e+02
1.678000000000000000e+03
1.752000000000000000e+03
1.455000000000000000e+03
-1.330000000000000000e+02
4.000000000000000000e+01
1.050000000000000000e+02
-2.140000000000000000e+02
-4.600000000000000000e+01
-2.100000000000000000e+01
1.539000000000000000e+03
1.507000000000000000e+03
1.649000000000000000e+03
1.625000000000000000e+03
1.527000000000000000e+03
2.030000000000000000e+02
1.318000000000000000e+03
-2.520000000000000000e+02
2.950000000000000000e+02
1.776000000000000000e+03
4.230000000000000000e+02
4.050000000000000000e+02
-8.200000000000000000e+01
5.580000000000000000e+02
3.250000000000000000e+02
1.354000000000000000e+03
3.670000000000000000e+02
-1.010000000000000000e+02
1.651000000000000000e+03
-1.330000000000000000e+02
4.500000000000000000e+02
1.810000000000000000e+02
1.368000000000000000e+03
1.445000000000000000e+03
1.674000000000000000e+03
-2.100000000000000000e+01
2.540000000000000000e+02
-5.300000000000000000e+01
-3.500000000000000000e+02
1.531000000000000000e+03
2.660000000000000000e+02
1.578000000000000000e+03
2.920000000000000000e+02
8.300000000000000000e+01
1.239000000000000000e+03
-3.400000000000000000e+01
1.560000000000000000e+02
4.040000000000000000e+02
-4.500000000000000000e+01
1.510000000000000000e+02
1.176000000000000000e+03
-6.400000000000000000e+01
-7.000000000000000000e+01
1.339000000000000000e+03
-2.000000000000000000e+00
1.469000000000000000e+03
-9.000000000000000000e+00
-3.700000000000000000e+01
-4.100000000000000000e+01
-4.000000000000000000e+01
1.610000000000000000e+03
-1.180000000000000000e+02
-9.700000000000000000e+01
1.583000000000000000e+03
-8.900000000000000000e+01
5.000000000000000000e+01
1.550000000000000000e+03
1.479000000000000000e+03
2.570000000000000000e+02
1.629000000000000000e+03
1.685000000000000000e+03
1.705000000000000000e+03
3.360000000000000000e+02
-1.700000000000000000e+01
1.639000000000000000e+03
1.575000000000000000e+03
1.614000000000000000e+03
3.500000000000000000e+01
4.030000000000000000e+02
1.591000000000000000e+03
5.110000000000000000e+02
3.450000000000000000e+02
4.500000000000000000e+01
1.556000000000000000e+03
1.669000000000000000e+03
1.397000000000000000e+03
1.800000000000000000e+03
5.120000000000000000e+02
1.674000000000000000e+03
1.020000000000000000e+02
1.593000000000000000e+03
6.260000000000000000e+02
4.580000000000000000e+02
1.570000000000000000e+03
1.602000000000000000e+03
1.600000000000000000e+03
-5.560000000000000000e+02
1.354000000000000000e+03
1.980000000000000000e+02
1.611000000000000000e+03
1.424000000000000000e+03
5.000000000000000000e+02
1.626000000000000000e+03
1.444000000000000000e+03
7.600000000000000000e+01
-2.290000000000000000e+02
-9.000000000000000000e+00
1.100000000000000000e+02
6.000000000000000000e+01
1.705000000000000000e+03
4.140000000000000000e+02
1.670000000000000000e+02
1.535000000000000000e+03
-3.000000000000000000e+00
3.420000000000000000e+02
1.565000000000000000e+03
1.593000000000000000e+03
2.950000000000000000e+02
5.220000000000000000e+02
5.480000000000000000e+02
1.639000000000000000e+03
1.645000000000000000e+03
5.960000000000000000e+02
3.550000000000000000e+02
4.240000000000000000e+02
1.774000000000000000e+03
1.990000000000000000e+02
1.476000000000000000e+03
1.396000000000000000e+03
3.560000000000000000e+02
-1.080000000000000000e+02
1.780000000000000000e+03
1.344000000000000000e+03
-9.500000000000000000e+01
-2.300000000000000000e+01
4.260000000000000000e+02
3.520000000000000000e+02
1.500000000000000000e+02
-5.000000000000000000e+01
4.450000000000000000e+02
1.676000000000000000e+03
-7.000000000000000000e+01
6.350000000000000000e+02
1.822000000000000000e+03
1.653000000000000000e+03
7.800000000000000000e+01
4.560000000000000000e+02
2.250000000000000000e+02
1.701000000000000000e+03
-4.300000000000000000e+01
-5.300000000000000000e+02
1.776000000000000000e+03
-2.700000000000000000e+01
-2.800000000000000000e+01
3.570000000000000000e+02
6.900000000000000000e+01
1.659000000000000000e+03
-1.770000000000000000e+02
-5.070000000000000000e+02
5.420000000000000000e+02
2.800000000000000000e+02
1.734000000000000000e+03
1.732000000000000000e+03
1.574000000000000000e+03
-1.560000000000000000e+02
1.447000000000000000e+03
2.650000000000000000e+02
1.256000000000000000e+03
3.120000000000000000e+02
2.330000000000000000e+02
4.200000000000000000e+01
1.140000000000000000e+02
1.503000000000000000e+03
-9.500000000000000000e+01
-1.020000000000000000e+02
-2.000000000000000000e+01
1.548000000000000000e+03
6.070000000000000000e+02
1.593000000000000000e+03
-5.380000000000000000e+02
-3.200000000000000000e+01
4.330000000000000000e+02
1.694000000000000000e+03
5.880000000000000000e+02
1.363000000000000000e+03
4.000000000000000000e+00
1.216000000000000000e+03
1.464000000000000000e+03
1.448000000000000000e+03
1.100000000000000000e+02
2.510000000000000000e+02
1.574000000000000000e+03
1.820000000000000000e+02
8.500000000000000000e+01
1.536000000000000000e+03
9.000000000000000000e+01
-5.300000000000000000e+01
-9.700000000000000000e+01
-2.000000000000000000e+01
1.724000000000000000e+03
5.110000000000000000e+02
4.720000000000000000e+02
1.505000000000000000e+03
6.200000000000000000e+01
9.200000000000000000e+01
2.300000000000000000e+02
5.590000000000000000e+02
1.520000000000000000e+03
1.548000000000000000e+03
5.310000000000000000e+02
-8.600000000000000000e+01
4.540000000000000000e+02
1.626000000000000000e+03
1.648000000000000000e+03
1.819000000000000000e+03
2.380000000000000000e+02
3.480000000000000000e+02
1.391000000000000000e+03
-7.400000000000000000e+01
1.571000000000000000e+03
1.619000000000000000e+03
1.408000000000000000e+03
3.930000000000000000e+02
-6.300000000000000000e+01
1.699000000000000000e+03
1.715000000000000000e+03
1.490000000000000000e+03
1.326000000000000000e+03
4.700000000000000000e+01
-2.800000000000000000e+01
1.770000000000000000e+02
1.566000000000000000e+03
1.635000000000000000e+03
5.910000000000000000e+02
1.746000000000000000e+03
1.578000000000000000e+03
1.561000000000000000e+03
5.290000000000000000e+02
-7.300000000000000000e+01
1.493000000000000000e+03
1.860000000000000000e+02
1.744000000000000000e+03
4.110000000000000000e+02
5.370000000000000000e+02
-1.280000000000000000e+02
-1.020000000000000000e+02
4.650000000000000000e+02
5.060000000000000000e+02
2.750000000000000000e+02
1.200000000000000000e+01
4.140000000000000000e+02
1.577000000000000000e+03
1.216000000000000000e+03
-5.010000000000000000e+02
1.335000000000000000e+03
1.552000000000000000e+03
1.680000000000000000e+02
2.890000000000000000e+02
1.866000000000000000e+03
1.664000000000000000e+03
2.630000000000000000e+02
1.673000000000000000e+03
1.577000000000000000e+03
3.880000000000000000e+02
3.130000000000000000e+02
7.900000000000000000e+01
1.130000000000000000e+02
7.220000000000000000e+02
1.304000000000000000e+03
3.450000000000000000e+02
1.830000000000000000e+02
1.792000000000000000e+03
6.670000000000000000e+02
1.709000000000000000e+03
1.643000000000000000e+03
4.270000000000000000e+02
3.870000000000000000e+02
1.261000000000000000e+03
-5.060000000000000000e+02
1.480000000000000000e+02
1.497000000000000000e+03
1.400000000000000000e+02
-6.600000000000000000e+01
5.780000000000000000e+02
-9.000000000000000000e+00
1.440000000000000000e+03
1.494000000000000000e+03
1.492000000000000000e+03
4.980000000000000000e+02
2.820000000000000000e+02
5.980000000000000000e+02
1.614000000000000000e+03
1.472000000000000000e+03
1.673000000000000000e+03
1.748000000000000000e+03
-9.100000000000000000e+01
1.600000000000000000e+01
3.930000000000000000e+02
1.530000000000000000e+02
3.050000000000000000e+02
1.556000000000000000e+03
1.648000000000000000e+03
2.860000000000000000e+02
1.708000000000000000e+03
4.820000000000000000e+02
2.200000000000000000e+02
1.270000000000000000e+02
4.390000000000000000e+02
5.000000000000000000e+00
6.350000000000000000e+02
1.821000000000000000e+03
1.623000000000000000e+03
-2.400000000000000000e+02
3.840000000000000000e+02
4.150000000000000000e+02
6.720000000000000000e+02
5.700000000000000000e+02
1.482000000000000000e+03
1.762000000000000000e+03
3.100000000000000000e+02
1.746000000000000000e+03
5.260000000000000000e+02
1.491000000000000000e+03
1.040000000000000000e+02
4.310000000000000000e+02
4.380000000000000000e+02
-4.500000000000000000e+01
1.445000000000000000e+03
1.587000000000000000e+03
9.740000000000000000e+02
1.720000000000000000e+02
1.672000000000000000e+03
-1.830000000000000000e+02
6.830000000000000000e+02
1.600000000000000000e+03
-1.240000000000000000e+02
1.795000000000000000e+03
2.620000000000000000e+02
1.543000000000000000e+03
1.627000000000000000e+03
3.290000000000000000e+02
2.970000000000000000e+02
1.610000000000000000e+03
5.300000000000000000e+02
-1.200000000000000000e+01
1.350000000000000000e+02
6.800000000000000000e+01
-4.460000000000000000e+02
5.170000000000000000e+02
4.720000000000000000e+02
-8.700000000000000000e+01
-1.010000000000000000e+02
-6.400000000000000000e+01
1.573000000000000000e+03
4.630000000000000000e+02
-1.010000000000000000e+02
-1.970000000000000000e+02
4.910000000000000000e+02
3.400000000000000000e+02
1.675000000000000000e+03
4.400000000000000000e+01
1.543000000000000000e+03
1.579000000000000000e+03
4.450000000000000000e+02
1.650000000000000000e+03
-7.400000000000000000e+01
5.910000000000000000e+02
-4.700000000000000000e+01
1.604000000000000000e+03
1.456000000000000000e+03
2.750000000000000000e+02
5.900000000000000000e+01
1.482000000000000000e+03
1.859000000000000000e+03
4.740000000000000000e+02
3.600000000000000000e+01
3.500000000000000000e+01
1.538000000000000000e+03
5.420000000000000000e+02
4.230000000000000000e+02
7.230000000000000000e+02
4.560000000000000000e+02
2.330000000000000000e+02
1.818000000000000000e+03
1.558000000000000000e+03
5.290000000000000000e+02
1.615000000000000000e+03
1.480000000000000000e+02
1.310000000000000000e+02
1.670000000000000000e+02
3.950000000000000000e+02
1.258000000000000000e+03
1.550000000000000000e+02
9.300000000000000000e+01
2.780000000000000000e+02
2.440000000000000000e+02
1.746000000000000000e+03
1.494000000000000000e+03
1.480000000000000000e+03
1.537000000000000000e+03
6.730000000000000000e+02
1.795000000000000000e+03
2.080000000000000000e+02
4.110000000000000000e+02
6.620000000000000000e+02
1.558000000000000000e+03
3.200000000000000000e+01
1.510000000000000000e+03
4.720000000000000000e+02
-4.500000000000000000e+01
-9.900000000000000000e+01
5.400000000000000000e+01
-8.500000000000000000e+01
6.190000000000000000e+02
1.422000000000000000e+03
3.830000000000000000e+02
1.368000000000000000e+03
3.770000000000000000e+02
4.780000000000000000e+02
1.472000000000000000e+03
1.520000000000000000e+03
1.638000000000000000e+03
1.721000000000000000e+03
5.000000000000000000e+00
7.040000000000000000e+02
1.632000000000000000e+03
-4.700000000000000000e+01
4.620000000000000000e+02
1.455000000000000000e+03
4.150000000000000000e+02
7.000000000000000000e+00
1.140000000000000000e+02
5.460000000000000000e+02
2.800000000000000000e+01
1.262000000000000000e+03
1.701000000000000000e+03
4.970000000000000000e+02
9.000000000000000000e+00
3.000000000000000000e+02
2.680000000000000000e+02
1.653000000000000000e+03
1.350000000000000000e+03
1.460000000000000000e+02
2.010000000000000000e+02
1.320000000000000000e+02
1.515000000000000000e+03
1.779000000000000000e+03
8.000000000000000000e+01
1.505000000000000000e+03
1.605000000000000000e+03
-1.420000000000000000e+02
3.140000000000000000e+02
1.400000000000000000e+03
1.799000000000000000e+03
5.340000000000000000e+02
3.410000000000000000e+02
1.796000000000000000e+03
4.810000000000000000e+02
4.880000000000000000e+02
6.500000000000000000e+01
-6.600000000000000000e+01
1.688000000000000000e+03
1.804000000000000000e+03
1.868000000000000000e+03
5.160000000000000000e+02
1.270000000000000000e+02
1.764000000000000000e+03
1.692000000000000000e+03
1.615000000000000000e+03
1.865000000000000000e+03
-2.900000000000000000e+01
1.848000000000000000e+03
2.710000000000000000e+02
4.240000000000000000e+02
3.000000000000000000e+02
1.521000000000000000e+03
2.030000000000000000e+02
2.080000000000000000e+02
