2.220000000000000000e+02
6.470000000000000000e+02
1.291000000000000000e+03
3.600000000000000000e+02
8.210000000000000000e+02
2.880000000000000000e+02
5.050000000000000000e+02
6.200000000000000000e+02
-1.470000000000000000e+02
1.880000000000000000e+02
1.850000000000000000e+02
3.010000000000000000e+02
4.160000000000000000e+02
7.500000000000000000e+01
4.200000000000000000e+01
1.537000000000000000e+03
3.160000000000000000e+02
4.230000000000000000e+02
6.350000000000000000e+02
5.380000000000000000e+02
8.710000000000000000e+02
6.850000000000000000e+02
1.290000000000000000e+02
3.590000000000000000e+02
7.850000000000000000e+02
5.530000000000000000e+02
4.680000000000000000e+02
6.570000000000000000e+02
6.230000000000000000e+02
2.560000000000000000e+02
3.920000000000000000e+02
7.900000000000000000e+01
1.121000000000000000e+03
8.580000000000000000e+02
3.010000000000000000e+02
6.110000000000000000e+02
3.440000000000000000e+02
1.050000000000000000e+02
4.540000000000000000e+02
5.650000000000000000e+02
2.960000000000000000e+02
8.600000000000000000e+01
2.830000000000000000e+02
1.830000000000000000e+02
2.780000000000000000e+02
3.210000000000000000e+02
5.780000000000000000e+02
2.930000000000000000e+02
4.690000000000000000e+02
8.660000000000000000e+02
6.950000000000000000e+02
3.290000000000000000e+02
7.840000000000000000e+02
1.023000000000000000e+03
1.880000000000000000e+02
3.880000000000000000e+02
-5.200000000000000000e+01
1.720000000000000000e+02
1.012000000000000000e+03
3.770000000000000000e+02
7.200000000000000000e+01
2.130000000000000000e+02
1.314000000000000000e+03
5.700000000000000000e+02
5.020000000000000000e+02
1.024000000000000000e+03
5.510000000000000000e+02
3.730000000000000000e+02
4.210000000000000000e+02
9.710000000000000000e+02
1.030000000000000000e+03
7.000000000000000000e+00
1.201000000000000000e+03
2.790000000000000000e+02
-2.130000000000000000e+02
1.423000000000000000e+03
8.070000000000000000e+02
1.880000000000000000e+02
6.040000000000000000e+02
1.091000000000000000e+03
1.306000000000000000e+03
1.168000000000000000e+03
1.093000000000000000e+03
8.540000000000000000e+02
6.150000000000000000e+02
6.420000000000000000e+02
1.406000000000000000e+03
8.970000000000000000e+02
6.670000000000000000e+02
1.580000000000000000e+02
-2.600000000000000000e+01
9.590000000000000000e+02
6.840000000000000000e+02
8.850000000000000000e+02
2.130000000000000000e+02
8.120000000000000000e+02
1.035000000000000000e+03
3.280000000000000000e+02
3.090000000000000000e+02
1.049000000000000000e+03
3.640000000000000000e+02
5.410000000000000000e+02
5.250000000000000000e+02
1.648000000000000000e+03
7.140000000000000000e+02
7.600000000000000000e+02
8.870000000000000000e+02
1.072000000000000000e+03
1.010000000000000000e+02
-1.000000000000000000e+00
8.560000000000000000e+02
6.690000000000000000e+02
8.290000000000000000e+02
1.750000000000000000e+02
1.200000000000000000e+03
6.500000000000000000e+01
5.120000000000000000e+02
1.468000000000000000e+03
8.590000000000000000e+02
3.040000000000000000e+02
1.380000000000000000e+02
