3.560000000000000000e+02
3.195000000000000568e+02
2.971500000000000909e+02
2.234350000000001160e+02
2.288915000000001214e+02
2.534023500000001263e+02
2.466621150000001137e+02
2.686959035000000995e+02
2.424263131500000839e+02
2.831836818350000726e+02
2.849653136515000824e+02
2.461687822863500514e+02
2.085519040577150633e+02
1.942967136519435485e+02
1.942670422867492164e+02
1.992403380580743146e+02
1.930163042522668775e+02
3.401146738270401784e+02
3.113032064443361833e+02
3.081728857999025877e+02
2.395555972199123289e+02
2.544000374979211188e+02
2.298600337481290126e+02
1.931740303733161284e+02
1.239566273359845070e+02
5.866096460238605914e+01
6.839486814214745891e+01
5.545538132793271302e+01
-4.901568048605611239e-01
-5.004114112437450501e+01
-1.203702701193705593e+01
-1.613332431074335105e+01
-4.199918796690145228e-01
2.642200730829788924e+01
1.947980657746809996e+01
2.863182591972129032e+01
2.496864332774915951e+01
-2.982822100502576035e+01
-3.484539890452318645e+01
-3.516085901407086567e+01
2.285522688733621877e+01
1.766970419860259511e+01
-3.069726622125766369e+01
-5.482753959913189590e+01
-7.134478563921871341e+01
-1.771030707529683923e+01
1.116072363223284647e+01
-3.725534873099044120e+01
-2.882981385789139850e+01
-6.954683247210226682e+01
-5.569214922489204156e+01
-3.972293430240284096e+01
-7.685064087216255757e+01
-8.486557678494631318e+01
-7.317901910645167618e+01
-1.136611171958065256e+02
-8.899500547622588442e+01
-8.209550492860330451e+01
-8.418595443574297121e+01
-9.486735899216867551e+01
-4.728062309295180654e+01
-4.665256078365662518e+01
-6.558730470529096124e+01
-3.542857423476186796e+01
-4.778571681128568116e+01
-2.990714513015711162e+01
-2.231643061714139975e+01
-3.068478755542726333e+01
-8.421630879988454410e+01
-7.749467791989609111e+01
-1.068452101279064834e+02
-8.336068911511584645e+01
-5.642462020360425612e+01
-6.358215818324383406e+01
-4.112394236491945065e+01
-8.221154812842750914e+01
-1.328903933155847596e+02
-1.612013539840262979e+02
-1.342812185856236624e+02
-1.105530967270613019e+02
-9.889778705435517736e+01
-1.096080083489196682e+02
-6.934720751402770134e+01
-3.521248676262492694e+01
-6.191238086362435666e+00
1.822788572227380754e+01
2.690509715004642644e+01
-2.558541256495821870e+01
1.230731286915375904e+02
1.016658158223838342e+02
9.809923424014544935e+01
9.438931081613090157e+01
1.401503797345177986e+02
1.172353417610660102e+02
9.441180758495940495e+01
7.687062682646347866e+01
1.333835641438171251e+02
1.343452077294354297e+02
1.369106869564918725e+02
1.443196182608427023e+02
1.173876564347584406e+02
1.153488907912825994e+02
1.065140017121543394e+02
3.676260154093890975e+01
5.508634138684502091e+01
4.797770724816052024e+01
1.337993652334446537e+01
3.344194287101002061e+01
-1.810225141609098287e+01
-3.619202627448188991e+01
-1.297282364703369950e+01
-8.175541282330330617e+00
1.450420128459027183e+02
1.192378115613124550e+02
7.941403040518120804e+01
9.187262736466308866e+01
7.758536462819678547e+01
1.035268281653771112e+02
9.337414534883940576e+01
1.085367308139554723e+02
1.350830577325599222e+02
1.135747519593039385e+02
1.262172767633735475e+02
1.610955490870362041e+02
2.104859941783325894e+02
1.940373947604993248e+02
2.189336552844494008e+02
2.046402897560044494e+02
1.662762607804040158e+02
2.672486347023636313e+02
2.346237712321272681e+02
2.651613941089145783e+02
2.552452546980231318e+02
2.351207292282208243e+02
2.210086563053987447e+02
1.905077906748588816e+02
1.687570116073730162e+02
1.372813104466357288e+02
1.538531794019721701e+02
1.314678614617749588e+02
1.082210753155974601e+02
1.125989677840377254e+02
9.593907100563394863e+01
1.316451639050705467e+02
1.553806475145634920e+02
2.766425827631071570e+02
2.551783244867964413e+02
2.334604920381168256e+02
2.224144428343051629e+02
2.358729985508746267e+02
2.391856986957871811e+02
2.478671288262084715e+02
1.711804159435876329e+02
1.674623743492288668e+02
1.273161369143059858e+02
1.348845232228754014e+02
1.117960709005878641e+02
8.431646381052908623e+01
7.068481742947618329e+01
8.141633568652856923e+01
6.367470211787571799e+01
9.710723190608814548e+01
1.224965087154793366e+02
8.944685784393141148e+01
5.390217205953826607e+01
4.821195485358444444e+01
3.329075936822599857e+01
-1.993831656859660484e+01
-7.844484911736945065e+00
-4.406003642056325020e+01
-1.565403277850692376e+01
-3.068862950065623352e+01
-3.851976655059061017e+01
-9.267789895531546307e+00
-5.844101090597839487e+01
-4.359690981538055610e+01
3.462781166157498092e+00
2.591650304954174899e+01
-2.387514725541242910e+01
3.251236747012880812e+01
5.396113072311592873e+01
8.416501765080434438e+01
5.064851588572391705e+01
8.418366429715152321e+01
2.626529786743637374e+01
1.713876808069273849e+01
3.532489127262346784e+01
2.569240214536112177e+01
5.522316193082501457e+01
5.670084573774251169e+01
2.723076116396826407e+01
4.060768504757143660e+01
-1.135308345718571132e+01
-2.141777511146714374e+01
-5.017599760032042866e+01
-5.255839784028838579e+01
-9.402558056259550767e+00
-6.466230225063360137e+01
-4.699607202557024266e+01
8.750353517698678729e+01
8.865318165928812277e+01
9.438786349335930481e+01
7.784907714402338286e+01
8.386416942962104315e+01
1.300777524866589374e+02
1.193699772379930408e+02
1.246329795141937353e+02
1.363696815627743604e+02
1.252327134064969272e+02
1.026094420658472472e+02
9.354849785926252537e+01
6.509364807333628278e+01
9.378428326600266018e+01
9.320585493940239985e+01
5.018526944546215418e+01
5.486674250091594018e+01
6.438006825082433693e+01
3.794206142574190466e+01
1.654785528316771348e+01
4.659306975485094426e+01
4.783376277936584842e+01
3.185038650142926286e+01
4.216534785128634155e+01
-1.605118693384228834e+01
-2.274606824045805809e+01
3.728538583587749144e+00
-6.244315274771027546e+00
1.626801162527060853e+02
1.325121046274354626e+02
7.236089416469191349e+01
6.962480474822272924e+01
1.256232427340045632e+01
6.590609184606040571e+01
1.095154826614543708e+02
1.096639343953089281e+02
1.039975409557780353e+02
1.120977868602002303e+02
1.139880081741802087e+02
2.449892073567621935e+02
2.497902866210859827e+02
2.752112579589773986e+02
2.924901321630796360e+02
3.857411189467716781e+02
3.641670070520945046e+02
2.720503063468850655e+02
2.951452757121965647e+02
2.257307481409768855e+02
2.282576733268791997e+02
1.986319059941912712e+02
1.957687153947721583e+02
2.152918438552949283e+02
1.652626594697654525e+02
2.007363935227889158e+02
1.831627541705100271e+02
1.505464787534590130e+02
1.348918308781131259e+02
1.609026477903018133e+02
1.307123830112716405e+02
1.014411447101444708e+02
8.639703023913001800e+01
8.115732721521702331e+01
3.404159449369532808e+01
6.823743504432579243e+01
7.741369153989322172e+01
8.047232238590389386e+01
1.068250901473135173e+02
9.614258113258216554e+01
9.222832301932395183e+01
1.161054907173915467e+02
1.281949416456523920e+02
1.363754474810871500e+02
1.257379027329784407e+02
1.236641124596805952e+02
1.421977012137125485e+02
1.208779310923412993e+02
1.107901379831071722e+02
1.123111241847964550e+02
1.090800117663168152e+02
1.039720105896851265e+02
1.234748095307166267e+02
1.207273285776449541e+02
1.362545957198804558e+02
1.152291361478924046e+02
8.160622253310316410e+01
8.484560027979286190e+01
4.706104025181357997e+01
1.829549362266322134e+02
1.509594426039689949e+02
8.836349834357210398e+01
6.932714850921489358e+01
5.549443365829340991e+01
7.624499029246406678e+01
6.502049126321766437e+01
2.042184421368959306e+02
2.051965979232063546e+02
1.656769381308857305e+02
1.860092443177971688e+02
1.959083198860174662e+02
2.016174878974157423e+02
1.794557391076741624e+02
1.684101651969067461e+02
2.935691486772160488e+02
2.657122338094944780e+02
1.970410104285450359e+02
1.703369093856905465e+02
1.611032184471215203e+02
1.684928966024093597e+02
1.713436069421684351e+02
1.664092462479515859e+02
1.889683216231564415e+02
1.402714894608407974e+02
2.520443405147567262e+02
2.188399064632810678e+02
1.435559158169529610e+02
1.584003242352576990e+02
1.499602918117319348e+02
1.273642626305587555e+02
1.033278363675028828e+02
5.399505273075259026e+01
8.559554745767732697e+01
6.683599271190959712e+01
5.715239344071864025e+01
1.107371540966467762e+02
1.203634386869821071e+02
1.088270948182838964e+02
2.274443853364555252e+02
2.428999468028100068e+02
2.382099521225290175e+02
2.082889569102761129e+02
2.099600612192485016e+02
2.255640550973236600e+02
2.029076495875912940e+02
1.987168846288321618e+02
2.040451961659489371e+02
1.972406765493540490e+02
1.965166088944186527e+02
1.855649480049767703e+02
1.444084532044791160e+02
7.956760788403119022e+01
6.121084709562807546e+01
8.897623860652643657e-01
-2.899213852541262071e+00
-2.309292467287136219e+00
-5.778363220558422775e+00
1.599473101497419947e+00
-3.506047420865232311e+01
-9.385442678778709080e+01
-9.676898410900838599e+01
-6.929208569810755591e+01
-3.556287712829680459e+01
1.093410584532875873e+00
-4.101593047392041314e+01
-9.814337426528368269e+00
-2.093290368387553357e+01
1.526038668451202085e+01
1.173434801606081912e+01
8.560913214454737741e+00
1.465048218930092787e+02
1.630543397037083651e+02
1.795489057333375342e+02
1.647940151600037666e+02
1.300146136440033899e+02
1.446131522796030424e+02
1.634518370516427410e+02
1.034066533464784783e+02
1.339659880118306319e+02
1.135693892106475715e+02
1.588124502895828130e+02
1.541312052606245118e+02
1.492180847345620691e+02
1.765962762611058849e+02
1.736366486349952822e+02
3.053729837714957398e+02
2.628356853943461715e+02
2.507521168549115487e+02
2.351769051694203938e+02
1.974592146524783800e+02
1.903132931872305278e+02
1.610819638685075006e+02
9.517376748165673916e+01
8.005639073349107093e+01
7.185075166014196668e+01
5.396567649412776291e+01
3.726910884471499230e+01
3.214219796024349307e+01
2.060279781642191779e+02
1.870251803477972601e+02
1.855226623130175199e+02
1.639703960817157622e+02
1.707733564735441973e+02
1.761960208261897947e+02
1.895764187435708266e+02
1.257187768692137411e+02
1.488468991822923613e+02
1.418622092640631251e+02
1.855759883376568382e+02
2.871183895038911942e+02
2.546065505535020748e+02
2.217458954981518673e+02
1.987713059483366749e+02
1.792941753535030216e+02
2.031647578181527365e+02
1.699482820363374742e+02
1.679534538327037296e+02
1.807581084494333652e+02
1.493822976044900201e+02
1.362440678440410409e+02
1.148196610596369425e+02
9.953769495367325248e+01
8.808392545830592724e+01
6.197553291247534446e+01
3.527797962122781428e+01
3.905018165910503569e+01
5.204516349319453639e+01
3.574064714387507991e+01
1.597665824294875847e+02
1.797899241865388262e+02
1.843109317678849379e+02
1.703798385910964441e+02
1.552418547319868196e+02
9.321766925878813481e+01
1.129959023329093384e+02
2.315963120996184159e+02
3.588366808896565772e+02
3.223530128006909194e+02
4.492177115206218332e+02
4.094959403685596726e+02
3.638463463317037281e+02
4.740617116985333723e+02
4.681555405286800351e+02
4.555399864758120430e+02
4.371859878282308500e+02
4.057673890454078105e+02
5.072906501408670010e+02
4.780615851267803009e+02
6.032554266141023618e+02
5.778298839526921711e+02
5.537468955574230449e+02
5.129722060016807745e+02
4.761749854015126857e+02
4.276574868613614626e+02
4.274917381752253505e+02
5.253425643577028268e+02
4.608083079219325668e+02
5.502274771297393272e+02
5.246047294167653945e+02
4.849442564750888778e+02
5.700498308275799673e+02
5.745448477448219364e+02
5.475903629703398110e+02
5.083313266733058526e+02
4.869981940059752787e+02
4.654983746053777622e+02
3.670485371448399974e+02
3.295436834303559976e+02
2.885893150873204149e+02
2.295303835785883848e+02
2.131773452207295350e+02
2.189596106986565758e+02
1.867636496287909154e+02
2.101872846659118181e+02
1.375685561993206534e+02
1.103117005793885852e+02
1.184805305214497366e+02
1.074324774693047573e+02
1.131892297223742787e+02
1.226703067501368452e+02
1.320032760751231535e+02
2.814029484676108837e+02
2.838626536208498123e+02
2.639763882587648141e+02
2.965787494328883440e+02
2.122208744895995096e+02
1.810987870406395643e+02
1.644889083365756051e+02
2.844400175029180673e+02
2.907960157526262606e+02
4.335164141773636288e+02
3.937647727596273057e+02
2.988882954836645922e+02
2.145994659352981273e+02
1.865395193417683117e+02
1.582855674075914862e+02
1.840570106668323263e+02
1.142513096001490851e+02
2.398261786401341737e+02
2.394435607761207621e+02
3.873992046985086972e+02
3.885592842286578161e+02
5.022033558057920573e+02
4.640830202252128629e+02
4.212747182026915880e+02
4.306472463824224519e+02
5.584825217441801897e+02
4.536342695697621821e+02
4.286708426127859752e+02
4.257037583515074175e+02
3.772333825163566985e+02
3.584100442647210230e+02
3.050690398382489548e+02
2.507621358544240593e+02
3.928859222689816875e+02
3.632973300420835017e+02
3.081675970378751686e+02
2.869508373340876801e+02
2.531557536006789348e+02
3.546401782406110215e+02
3.070761604165498966e+02
2.626685443748949069e+02
2.313016899374054276e+02
1.982715209436648820e+02
1.625443688492983938e+02
1.423899319643685430e+02
1.677509387679317001e+02
1.526758448911385244e+02
1.177082604020246634e+02
1.330374343618221928e+02
1.144336909256399792e+02
2.423903218330759728e+02
2.166512896497683869e+02
2.044861606847915425e+02
1.345375446163124025e+02
1.493837901546811793e+02
9.924541113921306135e+01
1.384208700252917481e+02
2.804787830227625705e+02
3.015309047204863191e+02
2.505778142484376758e+02
2.114200328235939139e+02
1.938780295412345254e+02
1.799902265871110671e+02
1.697912039283999661e+02
1.791120835355599752e+02
3.223008751820040061e+02
2.713707876638036396e+02
2.792337088974232984e+02
2.576103380076809799e+02
2.265493042069128649e+02
2.159943737862215869e+02
1.697949364075994367e+02
1.791154427668395215e+02
1.552038984901555807e+02
8.928350864114003116e+01
7.365515777702603373e+01
6.748964199932343888e+01
5.144067779939109641e+01
5.639661001945199104e+01
4.056949017506788380e+00
7.175125411575611167e+01
1.139761287041805105e+02
1.070785158337624665e+02
1.417706642503862327e+02
1.366935978253476094e+02
1.521242380428128627e+02
1.378118142385315821e+02
1.238306328146784239e+02
2.459475695332105829e+02
3.441528125798895417e+02
3.569375313219005648e+02
2.876437781897104742e+02
2.459794003707394552e+02
2.401814603336655125e+02
2.377633143002989584e+02
2.299869828702690597e+02
1.997882845832421594e+02
2.543094561249179435e+02
2.324785105124261406e+02
2.385306594611835465e+02
2.355775935150651890e+02
3.613198341635586530e+02
3.599878507472027991e+02
2.772890656724825362e+02
2.505601591052342769e+02
2.193041431947108606e+02
1.507737288752397831e+02
1.726963559877158048e+02
1.737267203889442442e+02
1.746540483500498340e+02
1.764886435150448563e+02
1.625397791635403735e+02
1.429858012471863162e+02
1.303872211224676789e+02
1.151484990102209167e+02
1.744336491091988250e+02
2.097902841982789539e+02
1.785112557784510443e+02
1.844601302006059598e+02
1.683141171805453666e+02
1.316827054624908158e+02
9.491443491624173134e+01
1.518229914246175554e+02
1.642406922821558055e+02
1.741166230539402306e+02
1.790049607485462104e+02
1.864044646736915922e+02
3.086640182063224529e+02
2.898976163856902417e+02
2.730078547471212573e+02
2.593070692724091373e+02
3.000763623451682065e+02
2.740687261106513688e+02
2.965618534995862774e+02
4.475056681496276951e+02
3.934551013346649029e+02
3.188095912011984296e+02
2.271286320810785924e+02
2.162157688729707559e+02
2.394941919856736945e+02
2.520447727871063250e+02
2.573402955083956840e+02
2.572062659575561270e+02
2.735856393618005313e+02
2.268270754256204782e+02
1.977443678830584304e+02
2.083699310947525873e+02
1.363329379852773400e+02
1.630996441867496287e+02
1.456896797680746829e+02
1.555207117912672174e+02
1.479686406121404900e+02
1.437717765509264325e+02
1.391945988958337921e+02
1.432751390062504129e+02
2.699476251056253773e+02
2.913528625950628452e+02
4.242175763355565437e+02
4.415958187020008836e+02
3.927362368318007952e+02
4.308626131486207669e+02
4.381763518337587584e+02
3.996587166503829280e+02
3.588928449853446523e+02
3.353035604868102268e+02
3.236732044381291757e+02
2.782058839943162525e+02
2.657852955948846443e+02
1.854067660353961742e+02
2.200660894318565397e+02
1.848594804886708971e+02
1.790735324398038131e+02
1.753661791958234346e+02
1.672295612762410997e+02
1.474066051486169897e+02
1.641659446337552879e+02
1.573493501703797506e+02
1.487144151533417755e+02
1.197429736380076122e+02
1.358686762742068481e+02
1.359818086467861633e+02
1.045836277821075555e+02
1.323252650038967886e+02
1.052927385035071097e+02
8.466346465315641012e+01
1.170971181878407776e+02
5.828740636905670414e+01
2.097586657321510302e+02
2.102827991589359442e+02
1.932545192430423526e+02
1.766290673187381230e+02
2.797661605868643164e+02
2.600895445281778962e+02
2.535805900753601065e+02
2.590225310678241044e+02
2.521202779610416940e+02
2.120082501649375217e+02
2.119074251484437639e+02
1.974166826335993790e+02
2.111750143702394382e+02
1.822575129332154802e+02
3.053317616398939549e+02
3.144985854759045765e+02
2.949487269283141018e+02
2.794538542354827086e+02
2.997084688119344378e+02
3.005376219307410111e+02
2.825838597376669554e+02
1.975254737639002656e+02
1.609729263875102276e+02
9.317563374875921056e+01
1.326580703738833051e+02
1.403922633364949775e+02
2.778530370028454968e+02
3.117677333025609414e+02
3.147909599723048473e+02
2.808118639750743455e+02
2.547306775775669223e+02
2.990576098198102386e+02
2.730518488378291977e+02
2.522466639540462836e+02
2.895219975586416581e+02
2.893697978027774980e+02
2.487328180224997709e+02
3.815595362202498109e+02
3.777035825982248411e+02
3.621332243384023286e+02
3.286199019045620844e+02
4.502579117141058873e+02
4.032321205426953270e+02
4.000089084884258455e+02
4.190080176395832723e+02
3.988072158756249337e+02
3.820264942880624517e+02
2.965238448592562008e+02
4.003714603733305921e+02
3.877343143359975102e+02
3.024608829023977705e+02
4.433147946121580389e+02
4.092833151509422578e+02
3.634549836358480661e+02
3.964094852722632822e+02
3.909685367450369426e+02
3.406716830705332768e+02
3.411045147634799832e+02
3.169940632871320076e+02
3.110946569584188524e+02
4.296851912625769501e+02
5.359166721363193346e+02
5.002250049226873898e+02
4.851025044304186622e+02
3.951922539873768301e+02
3.579730285886391812e+02
3.224757257297752631e+02
2.944281531567977481e+02
3.701853378411179847e+02
4.105668040570061521e+02
3.948101236513055596e+02
3.865291112861750094e+02
3.471762001575575027e+02
3.218585801418017240e+02
2.730727221276215460e+02
2.719654499148593914e+02
2.425689049233734806e+02
2.499120144310361411e+02
2.255208129879325156e+02
2.064687316891392754e+02
1.892218585202253678e+02
2.104996726682028338e+02
3.545497054013825391e+02
4.635947348612443193e+02
5.830352613751199442e+02
5.473317352376079725e+02
4.826985617138471980e+02
4.389287055424624668e+02
4.618358349882162202e+02
4.314522514893945981e+02
3.187070263404551156e+02
2.769363237064096097e+02
2.609426913357686431e+02
4.011484222021917958e+02
3.483335799819726617e+02
3.060002219837754183e+02
2.265001997853978821e+02
3.413501798068581365e+02
3.283151618261723570e+02
2.933836456435550986e+02
2.711452810791996058e+02
2.632307529712796281e+02
2.697076776741516824e+02
2.406369099067365198e+02
2.497732189160628877e+02
2.306958970244565990e+02
2.527263073220109391e+02
2.553536765898098508e+02
3.934183089308288572e+02
4.019764780377460056e+02
4.091788302339714392e+02
4.053609472105743521e+02
3.942248524895168771e+02
3.822023672405651951e+02
3.943821305165087097e+02
3.821439174648578501e+02
4.883295257183721105e+02
4.275965731465349222e+02
4.628369158318814129e+02
4.048532242486932660e+02
3.764679018238239792e+02
3.685211116414415642e+02
3.216690004772974021e+02
3.069021004295676676e+02
2.770118903866109008e+02
2.637107013479497937e+02
2.272396312131548370e+02
1.945156680918393590e+02
2.454641012826554345e+02
2.852176911543899109e+02
1.640959220389509028e+02
2.845863298350558352e+02
2.110276968515502460e+02
2.088249271663952413e+02
2.035424344497557172e+02
2.150881910047801568e+02
2.025793719043021497e+02
1.337214347138719575e+02
2.934492912424847759e+02
2.782043621182363040e+02
2.694839259064127077e+02
3.888355333157714426e+02
3.497519799841942927e+02
3.432767819857748464e+02
3.263491037871973504e+02
2.830141934084776381e+02
2.720127740676298913e+02
3.514114966608669306e+02
3.172703469947802546e+02
2.873433122953022689e+02
2.424089810657720818e+02
1.750680829591948964e+02
1.761612746632754067e+02
1.964451471969478860e+02
1.768006324772530888e+02
3.121205692295277458e+02
2.717085123065750167e+02
4.178376610759175378e+02
3.973538949683257897e+02
4.969185054714932335e+02
5.867266549243438476e+02
5.454539894319094628e+02
5.112085904887185279e+02
3.909877314398466410e+02
5.295889582958619712e+02
5.020300624662757514e+02
4.250270562196481592e+02
4.043243505976833490e+02
3.559919155379150197e+02
3.352927239841234837e+02
2.934634515857111410e+02
2.884171064271400269e+02
2.762753957844259958e+02
2.469478562059834132e+02
2.420530705853850861e+02
2.373477635268465917e+02
2.314129871741619411e+02
2.643716884567457441e+02
2.874345196110712095e+02
4.035910676499640886e+02
5.324319608849676797e+02
4.726887647964709345e+02
4.325198883168238808e+02
4.195678994851415382e+02
3.728111095366273844e+02
4.902299985829646403e+02
5.048069987246682331e+02
4.457262988522014098e+02
5.386536689669812858e+02
4.744883020702831686e+02
4.544394718632548233e+02
4.296955246769293240e+02
5.587259722092363745e+02
5.592533749883127712e+02
5.300280374894815623e+02
4.136252337405334174e+02
3.796627103664800416e+02
3.769964393298320715e+02
3.668967953968489155e+02
2.990071158571640240e+02
2.776064042714476159e+02
2.924457638443028600e+02
2.710011874598725967e+02
3.810010687138853314e+02
3.386009618424968153e+02
3.973408656582471394e+02
3.911067790924224141e+02
3.993961011831802352e+02
3.859564910648622345e+02
3.703608419583759996e+02
3.696247577625384224e+02
3.182622819862846200e+02
3.046360537876561807e+02
2.583724484088905342e+02
2.327352035680014808e+02
3.419616832112013753e+02
3.211655148900812264e+02
2.876489634010731606e+02
2.705840670609658218e+02
2.450256603548692453e+02
2.664230943193823578e+02
2.960807848874441106e+02
2.837727063986997109e+02
3.216954357588297171e+02
3.209258921829467113e+02
2.387333029646520401e+02
2.243599726681868276e+02
2.160239754013681477e+02
3.381215778612313443e+02
4.708094200751082212e+02
4.745284780675974048e+02
4.345756302608376700e+02
5.241180672347538803e+02
4.820062605112785263e+02
4.859056344601506794e+02
4.991150710141356512e+02
4.815035639127220861e+02
4.676532075214498718e+02
4.464878867693049074e+02
3.804390980923744223e+02
3.331951882831369858e+02
2.998756694548233099e+02
2.666881025093409789e+02
4.018192922584069038e+02
3.583373630325662020e+02
3.433036267293095989e+02
3.144732640563786390e+02
2.862259376507407751e+02
2.494033438856667431e+02
2.489630094971000744e+02
3.836667085473901011e+02
3.780000376926510626e+02
3.715000339233859563e+02
3.666500305310473777e+02
3.200850274779426741e+02
3.283765247301484465e+02
2.991388722571336416e+02
2.757249850314202604e+02
2.639524865282782571e+02
2.608572378754504371e+02
1.887715140879053877e+02
2.118943626791148631e+02
2.395049264112033995e+02
2.145544337700830511e+02
2.462989903930747460e+02
2.179690913537672827e+02
1.766721822183905601e+02
3.165049639965515098e+02
2.754544675968963929e+02
2.538090208372067593e+02
2.697281187534860578e+02
2.667553068781374463e+02
3.070797761903237415e+02
3.276717985712913901e+02
3.010046187141622909e+02
2.901041568427460788e+02
2.623937411584714710e+02
2.789543670426243125e+02
4.132589303383618926e+02
3.858330373045257033e+02
3.833497335740731842e+02
3.703147602166658885e+02
3.554832841949992712e+02
3.320349557754993839e+02
3.210314601979494569e+02
3.865283141781545169e+02
3.584754827603391050e+02
3.512279344843052513e+02
3.253051410358747262e+02
4.572746269322872763e+02
4.204471642390585089e+02
4.086024478151526296e+02
5.114422030336373837e+02
5.008979827302736680e+02
6.128081844572462842e+02
5.719273660115215989e+02
5.350346294103694618e+02
4.812311664693324929e+02
5.903080498223993118e+02
5.577772448401593692e+02
5.125995203561434437e+02
4.836395683205291220e+02
4.207756114884762155e+02
3.865980503396285712e+02
3.730382453056657255e+02
3.581344207750991586e+02
2.724209786975892484e+02
2.735788808278303463e+02
2.425209927450473231e+02
2.150688934705426050e+02
3.178620041234883615e+02
2.810758037111395424e+02
2.884682233400255882e+02
2.662214010060230862e+02
3.854992609054207833e+02
3.527493348148787504e+02
3.266744013333908470e+02
3.475069612000517623e+02
3.565562650800466145e+02
3.423006385720419189e+02
4.486705747148376986e+02
4.272035172433539287e+02
5.304831655190184847e+02
5.144348489671166362e+02
4.056913640704049726e+02
3.703222276633644583e+02
4.894900048970280295e+02
4.282410044073252493e+02
5.382169039665927812e+02
4.341952135699335145e+02
4.481756922129401346e+02
4.520581229916461439e+02
4.028523106924815238e+02
4.169670796232334169e+02
3.290703716609100979e+02
3.164633344948190938e+02
2.800170010453371674e+02
2.847153009408034450e+02
3.736437708467231005e+02
3.329793937620507904e+02
2.946814543858457114e+02
2.545133089472611800e+02
3.962619780525350848e+02
3.682357802472815820e+02
3.293122022225534238e+02
4.294809820002981269e+02
4.114328838002683142e+02
3.757895954202414828e+02
4.821106358782172947e+02
5.680995722903955993e+02
5.425896150613560849e+02
4.820306535552204537e+02
4.950275881996984140e+02
5.645248293797285442e+02
5.027723464417557011e+02
4.477951117975801480e+02
4.095156006178221446e+02
4.092640405560399017e+02
3.198376365004359059e+02
4.400538728503923949e+02
4.039484855653531667e+02
5.077536370088179183e+02
4.806782733079361378e+02
4.430104459771425240e+02
4.323094013794283228e+02
4.290784612414855133e+02
4.216706151173369790e+02
3.487035536056033038e+02
3.216331982450429905e+02
3.348698784205387255e+02
3.426828905784848871e+02
2.986146015206363700e+02
2.796531413685727330e+02
2.583878272317154483e+02
3.605490445085439433e+02
4.775941400576895148e+02
5.742347260519205747e+02
5.159112534467285514e+02
4.894201281020557417e+02
5.833781152918502357e+02
6.721403037626652122e+02
6.030262733863987705e+02
5.451236460477589389e+02
5.454112814429830678e+02
5.221701532986847951e+02
5.100531379688163724e+02
4.959478241719347125e+02
4.454530417547412640e+02
5.659077375792671774e+02
5.137169638213405278e+02
6.062452674392064864e+02
5.582207406952858264e+02
6.293986666257571869e+02
5.771587999631815364e+02
5.362429199668633828e+02
5.023186279701770331e+02
4.678867651731593469e+02
5.785980886558434122e+02
5.205382797902590255e+02
6.048844518112331343e+02
4.997960066301097868e+02
5.827164059670988081e+02
5.141447653703889955e+02
4.914302888333501187e+02
4.754872599500151296e+02
4.744385339550136109e+02
5.706946805595122214e+02
5.449252125035609424e+02
6.672326912532048482e+02
7.494094221278843406e+02
7.117684799150958952e+02
7.090916319235863057e+02
7.874824687312277547e+02
8.563342218581050247e+02
7.196007996722945563e+02
6.723407197050651121e+02
7.614066477345586463e+02
8.169659829611028954e+02
8.697693846649925717e+02
9.414924461984933259e+02
8.617432015786439479e+02
7.840688814207795758e+02
7.218619932787016751e+02
8.020757939508315530e+02
7.558682145557484091e+02
8.124813931001735909e+02
8.786332537901562318e+02
8.274699284111406996e+02
7.582229355700266069e+02
7.070006420130239349e+02
6.668005778117216096e+02
7.337205200305494373e+02
8.021484680274945731e+02
8.894336212247451385e+02
8.455902591022706929e+02
8.009312331920435781e+02
7.380381098728392999e+02
6.563342988855554268e+02
5.894008689969999750e+02
6.731607820973000571e+02
5.625447038875701082e+02
5.356902334988130860e+02
4.494212101489317774e+02
4.017790891340385997e+02
4.828011802206347625e+02
4.241210621985713374e+02
4.227089559787141866e+02
3.834380603808427850e+02
3.322942543427585065e+02
4.569648289084826729e+02
4.662683460176344283e+02
4.668415114158709684e+02
5.836573602742838602e+02
6.953916242468554856e+02
6.216524618221699257e+02
7.038872156399529558e+02
5.824984940759576375e+02
5.467486446683618624e+02
6.418737802015257330e+02
6.256864021813731824e+02
5.683177619632359665e+02
5.504859857669123357e+02
5.000373871902211249e+02
5.011336484711990238e+02
6.050202836240791839e+02
5.808182552616711973e+02
6.704364297355041344e+02
6.204927867619537665e+02
5.796435080857584126e+02
6.655791572771826168e+02
7.512212415494643665e+02
6.263991173945179298e+02
5.131592056550661027e+02
5.992432850895595493e+02
5.483189565806036398e+02
6.193870609225432418e+02
6.025483548302889858e+02
6.310935193472600986e+02
7.113841674125341115e+02
6.858457506712807117e+02
6.115611756041525950e+02
5.436050580437373583e+02
6.419445522393637020e+02
6.338500970154274228e+02
7.091650873138847828e+02
6.743485785824963159e+02
7.413137207242466502e+02
7.053823486518220989e+02
7.848441137866399231e+02
6.967597024079759649e+02
7.719837321671783457e+02
7.099853589504605225e+02
6.581868230554144930e+02
7.267681407498730550e+02
6.647913266748857950e+02
6.209121940073972610e+02
5.698209746066575008e+02
5.561388771459917280e+02
6.190249894313925552e+02
5.835224904882533110e+02
5.460702414394279458e+02
4.847632172954851626e+02
4.878868955659366975e+02
4.261982060093430391e+02
4.253783854084087466e+02
4.222405468675679003e+02
5.093164921808111103e+02
6.112848429627300675e+02
6.696563586664570948e+02
7.462907227998114195e+02
6.793616505198303912e+02
6.466254854678473976e+02
6.365629369210627146e+02
7.173066432289564318e+02
6.418759789060607091e+02
5.635883810154546154e+02
5.381295429139091766e+02
6.093165886225183385e+02
5.667849297602665501e+02
5.018064367842399065e+02
4.952257931058159670e+02
4.650032137952343874e+02
5.803028924157109714e+02
5.083726031741399538e+02
4.998353428567259584e+02
5.930518085710533569e+02
5.726466277139479644e+02
6.545819649425532134e+02
5.945237684482979148e+02
7.068713916034680551e+02
7.866842524431212951e+02
7.372158271988092793e+02
6.541942444789284536e+02
5.961748200310355514e+02
5.967573380279320645e+02
4.869816042251388808e+02
4.780834438026250268e+02
4.345750994223625412e+02
4.503175894801262871e+02
4.521858305321136413e+02
4.039672474789022658e+02
3.745705227310120335e+02
4.594134704579108757e+02
4.751721234121197881e+02
4.697549110709078377e+02
4.470794199638170880e+02
4.027714779674353736e+02
3.850943301706918760e+02
4.905848971536227054e+02
5.857264074382604804e+02
5.785537666944344437e+02
6.753983900249910448e+02
6.445585510224919972e+02
6.199026959202427633e+02
5.683124263282185211e+02
5.242811836953966349e+02
4.792530653258569373e+02
4.627277587932712208e+02
4.203549829139440703e+02
5.091194846225496917e+02
4.521075361602947282e+02
4.473967825442652497e+02
5.642571042898387077e+02
5.011313938608548710e+02
4.830182544747693782e+02
4.658164290272924859e+02
4.801347861245632203e+02
5.209213075121069778e+02
6.201291767608963710e+02
5.663162590848068021e+02
5.094846331763261560e+02
6.191361698586936200e+02
5.625225528728242352e+02
5.417702975855418117e+02
5.365932678269875851e+02
4.997339410442888266e+02
5.000605469398599894e+02
4.328544922458739848e+02
5.404690430212865522e+02
5.328221387191579197e+02
6.079399248472421959e+02
5.490459323625179877e+02
5.269413391262661435e+02
5.041472052136394950e+02
4.892324846922755341e+02
4.915092362230479921e+02
4.519583126007432270e+02
4.234624813406688872e+02
4.223162332066020213e+02
5.132846098859417907e+02
5.137561488973476571e+02
4.853805340076128800e+02
5.852424806068515863e+02
6.647182325461664050e+02
6.184464092915497986e+02
5.905017683623948415e+02
5.689515915261554255e+02
4.619564323735398830e+02
5.790607891361859174e+02
5.542547102225673825e+02
5.377292392003106443e+02
4.813563152802795457e+02
4.848206837522516253e+02
4.730386153770264741e+02
4.342347538393238437e+02
4.298112784553914594e+02
5.403301506098523532e+02
5.158971355488671406e+02
5.050074219939804152e+02
4.527066797945823851e+02
4.367360118151241863e+02
3.956624106336117848e+02
3.600961695702505949e+02
3.586865526132255582e+02
3.318178973519030137e+02
2.952361076167127294e+02
3.868124968550415019e+02
5.110312471695373233e+02
5.861281224525836251e+02
5.195153102073252285e+02
4.969637791865927170e+02
4.408674012679334737e+02
3.878806611411401377e+02
4.835925950270261069e+02
4.305333355243234905e+02
3.775800019718911926e+02
3.838220017747020734e+02
3.889398015972318490e+02
5.036458214375086868e+02
5.859812392937578807e+02
5.217831153643820699e+02
5.095048038279438742e+02
4.913543234451495323e+02
5.784188911006345961e+02
5.439770019905711251e+02
4.972793017915140013e+02
4.858513716123626409e+02
5.917662344511263655e+02
5.746896110060138199e+02
5.099206499054124038e+02
6.055285849148712032e+02
6.905757264233841397e+02
6.865181537810457257e+02
6.774663384029412327e+02
6.594197045626472118e+02
6.040777341063825361e+02
5.342699606957443166e+02
5.141429646261698281e+02
4.581286681635528453e+02
4.534158013471976005e+02
4.379742212124778007e+02
3.753767990912299979e+02
3.644391191821070493e+02
4.878952072638963955e+02
4.815056865375067900e+02
4.759551178837561451e+02
4.726596060953805249e+02
5.551936454858424668e+02
6.456742809372582315e+02
5.737068528435324879e+02
6.606361675591792846e+02
7.560725508032613789e+02
7.019652957229352523e+02
6.672687661506417953e+02
7.374418895355776158e+02
6.126977005820198201e+02
5.511279305238178949e+02
5.304151374714360827e+02
6.319736237242925654e+02
5.626762613518633316e+02
5.364086352166769984e+02
5.080677716950092986e+02
4.345609945255083630e+02
4.144048950729575722e+02
5.389644055656617638e+02
5.169679650090955647e+02
6.267711685081860651e+02
7.174940516573674358e+02
6.666446464916307377e+02
6.033801818424676640e+02
5.454421636582209203e+02
5.334979472923988624e+02
5.345481525631589648e+02
6.034933373068430456e+02
5.644440035761587069e+02
6.579996032185429158e+02
7.584996428966885560e+02
6.732496786070197459e+02
6.180247107463178509e+02
7.188222396716861340e+02
5.968400157045175547e+02
5.601560141340657992e+02
5.481404127206592420e+02
6.438263714485933633e+02
6.437437343037339588e+02
6.127693608733605970e+02
7.036924247860246169e+02
6.809231823074221666e+02
7.526308640766799272e+02
6.885677776690120027e+02
7.707109999021108706e+02
7.454398999118997153e+02
6.569959099207097779e+02
6.101963189286387887e+02
5.942766870357748985e+02
5.511490183321973291e+02
4.437341164989775848e+02
5.564607048490797752e+02
6.381146343641718204e+02
7.643031709277546497e+02
6.927728538349791734e+02
6.154955684514812901e+02
5.802460116063331270e+02
5.525214104456997575e+02
5.375692694011297590e+02
6.118123424610167831e+02
5.466311082149151162e+02
5.415679973934236386e+02
4.987111976540812748e+02
4.863400778886731359e+02
4.432060700998058564e+02
4.390854630898252822e+02
4.431769167808427596e+02
4.168592251027585007e+02
3.644733025924826961e+02
3.248259723332344606e+02
2.894433750999110657e+02
2.685990375899199876e+02
2.456391338309279888e+02
2.116752204478351871e+02
2.299076984030516826e+02
2.144169285627465058e+02
2.604752357064718353e+02
3.724277121358246632e+02
3.337849409222422423e+02
3.073064468300179897e+02
2.804758021470161680e+02
2.724282219323145569e+02
2.768853997390830841e+02
2.490968597651747984e+02
2.741871737886573328e+02
4.123684564097916336e+02
5.152316107688125157e+02
6.014084496919313096e+02
5.622676047227381559e+02
5.609408442504643517e+02
4.946467598254179165e+02
4.637820838428761476e+02
4.654038754585885158e+02
5.669634879127296472e+02
6.780671391214566484e+02
7.532604252093110517e+02
7.347343826883799238e+02
6.692609444195419428e+02
6.244348499775877599e+02
5.573913649798289498e+02
6.465522284818461003e+02
7.525970056336615244e+02
7.019373050702954515e+02
5.881435745632659291e+02
6.856292171069394499e+02
7.623662953962455049e+02
8.259296658566208862e+02
8.869366992709587976e+02
8.035430293438629406e+02
7.414887264094766124e+02
6.172398537685289739e+02
5.615158683916761220e+02
6.663642815525086007e+02
6.579278533972577634e+02
6.357350680575319757e+02
6.179615612517787895e+02
6.018654051266009901e+02
6.022788646139409821e+02
6.841509781525469407e+02
6.573358803372923376e+02
5.808022923035631493e+02
5.178220630732068912e+02
4.930398567658862135e+02
5.939358710892976205e+02
5.913422839803678244e+02
5.694080555823311443e+02
5.350672500240980298e+02
4.847605250216882382e+02
4.850844725195194087e+02
4.828760252675675133e+02
4.534884227408107336e+02
3.803395804667296716e+02
3.692056224200566703e+02
4.732850601780510260e+02
4.288565541602459348e+02
5.440708987442213811e+02
4.823638088697992430e+02
4.421274279828193130e+02
4.082146851845374158e+02
5.379932166660837538e+02
4.914938949994754012e+02
5.983445054995279406e+02
7.114100549495751693e+02
6.786690494546176069e+02
7.576021445091557780e+02
6.823419300582402229e+02
6.319077370524162234e+02
5.983169633471746920e+02
5.836852670124573024e+02
5.756167403112115153e+02
5.526550662800904092e+02
4.796895596520814138e+02
4.201206036868732667e+02
3.734085433181859344e+02
3.872676889863673182e+02
3.767409200877305580e+02
3.529668280789574624e+02
4.717701452710617218e+02
4.689931307439555894e+02
5.924938176695600305e+02
4.852444359026040956e+02
4.392199923123437202e+02
4.027979930811093823e+02
3.905181937729984725e+02
3.839663743956986082e+02
5.226697369561287587e+02
5.276027632605158715e+02
6.411424869344643866e+02
6.154282382410179935e+02
7.106854144169162737e+02
6.301168729752246236e+02
5.635051856777021158e+02
5.466546671099318928e+02
6.359892003989386922e+02
5.699902803590448457e+02
6.718912523231404066e+02
6.137021270908263659e+02
5.865319143817438317e+02
5.293787229435694144e+02
4.797408506492125184e+02
4.330667655842912609e+02
4.173600890258621803e+02
4.087240801232759964e+02
4.049516721109484365e+02
5.250565048998536213e+02
6.387508544098683387e+02
6.050757689688815617e+02
6.932681920719934396e+02
7.967413728647941298e+02
7.123672355783146486e+02
6.514305120204832065e+02
6.266874608184348290e+02
5.999187147365913688e+02
5.708268432629322433e+02
5.036441589366389735e+02
5.175797430429751103e+02
4.577217687386776106e+02
4.671495918648098495e+02
5.469346326783288532e+02
6.649411694104959452e+02
6.357470524694463165e+02
5.815723472225016621e+02
5.106151125002515414e+02
5.067536012502263816e+02
4.023782411252037718e+02
3.713404170126834174e+02
3.972063753114150586e+02
5.047857377802735641e+02
4.945071640022462134e+02
5.011564476020216148e+02
4.798408028418194817e+02
4.446567225576375790e+02
4.531910503018738154e+02
4.399719452716864794e+02
4.116747507445178371e+02
3.938072756700660761e+02
3.916265481030594628e+02
3.734638932927535393e+02
3.426175039634782138e+02
4.394557535671303867e+02
5.503101782104173481e+02
6.214791603893756928e+02
7.341312443504382372e+02
6.506181199153944590e+02
5.799563079238549790e+02
5.150606771314695607e+02
4.654546094183226046e+02
5.775091484764903953e+02
6.725582336288414353e+02
5.925024102659573373e+02
5.273521692393616149e+02
4.960169523154254421e+02
4.805152570838829433e+02
4.418637313754946376e+02
3.973773582379451454e+02
4.820396224141506991e+02
4.566356601727356406e+02
5.686720941554621049e+02
5.100048847399158944e+02
5.015043962659242993e+02
4.916539566393319092e+02
4.462885609753987524e+02
5.387597048778588942e+02
5.428837343900729593e+02
5.341953609510657088e+02
6.118758248559591948e+02
5.041882423703632412e+02
6.157694181333270080e+02
7.028924763199943300e+02
8.095032286879949197e+02
7.373529058191953709e+02
6.675176152372757770e+02
6.212658537135482675e+02
5.493392683421934635e+02
6.508053415079741626e+02
7.402248073571768145e+02
7.029023266214592240e+02
6.658120939593134153e+02
6.545308845633820738e+02
5.901777961070439460e+02
5.254600164963395628e+02
5.057140148467056520e+02
4.495426133620350697e+02
5.404883520258315457e+02
5.245395168232483911e+02
5.112855651409235520e+02
4.691570086268312139e+02
5.767413077641481323e+02
5.451671769877333418e+02
5.090504592889599849e+02
4.985454133600640034e+02
4.833908720240576145e+02
4.589517848216518132e+02
4.363566063394866319e+02
5.498209457055379517e+02
6.521388511349841792e+02
6.180249660214858523e+02
5.817224694193372443e+02
5.692502224774035540e+02
5.448252002296632099e+02
5.122426802066969458e+02
5.024184121860272398e+02
4.786765709674245386e+02
4.203089138706820904e+02
4.279780224836138700e+02
4.187802202352525001e+02
5.218021982117272728e+02
4.682219783905545683e+02
4.545997805514991228e+02
4.558398024963491935e+02
4.681558222467142514e+02
5.670402400220428945e+02
5.216362160198385709e+02
4.782725944178547479e+02
5.519453349760692618e+02
5.270508014784622901e+02
5.097457213306160497e+02
4.580711491975544618e+02
4.365640342777990099e+02
5.432076308500190862e+02
5.166868677650171549e+02
4.127181809885154280e+02
3.985463628896638966e+02
3.552917266006975296e+02
3.347625539406278108e+02
3.591862985465650127e+02
3.611676686919084887e+02
3.645509018227176625e+02
3.248958116404459133e+02
4.324062304764013334e+02
4.106656074287612341e+02
3.748990466858851391e+02
3.742091420172966423e+02
3.661882278155669610e+02
3.597694050340102763e+02
4.547924645306092657e+02
4.370132180775483448e+02
5.304118962697934876e+02
5.053707066428141275e+02
4.553336359785326977e+02
4.655002723806794052e+02
4.233502451426114703e+02
4.138152206283503460e+02
5.304336985655153285e+02
6.200903287089638525e+02
7.170812958380674900e+02
6.800731662542608547e+02
6.753658496288347806e+02
6.453292646659513139e+02
6.400963381993561825e+02
5.625867043794205529e+02
4.963280339414785090e+02
4.365952305473306296e+02
4.494357074925976008e+02
3.930921367433378464e+02
3.682829230690040845e+02
3.718546307621037386e+02
2.899691676858934102e+02
2.795722509173040748e+02
2.471150258255736674e+02
1.760035232430163035e+02
3.396031709187146816e+02
3.347428538268432590e+02
2.532685684441589160e+02
2.610417115997430528e+02
2.608375404397687589e+02
2.695537863957918603e+02
2.671984077562127027e+02
2.688785669805914154e+02
3.639907102825322909e+02
3.384916392542790504e+02
4.380424753288511965e+02
4.248382277959661337e+02
5.407544050163695601e+02
5.243789645147326155e+02
5.286410680632593539e+02
4.938769612569334413e+02
4.146892651312401199e+02
3.764203386181160909e+02
4.844783047563045102e+02
4.921304742806740933e+02
4.587174268526067067e+02
4.547456841673460985e+02
4.202711157506115001e+02
3.927440041755503444e+02
3.770696037579953668e+02
4.770626433821958017e+02
4.970563790439762215e+02
4.661507411395785994e+02
4.735356670256207394e+02
4.160821003230586257e+02
3.749738902907527631e+02
3.654765012616774698e+02
3.767288511355097285e+02
4.935559660219587386e+02
5.892003694197628647e+02
5.752803324777866010e+02
5.320522992300078613e+02
4.931470693070070865e+02
4.937323623763063551e+02
6.109591261386757424e+02
5.515632135248082477e+02
4.863068921723274229e+02
5.677762029550947318e+02
6.889985826595852814e+02
6.308987243936267078e+02
6.878088519542640142e+02
6.091279667588376014e+02
5.381151700829537958e+02
6.426036530746584958e+02
5.794432877671927145e+02
5.613989589904734885e+02
5.014590630914261169e+02
4.821131567822835109e+02
6.004018411040551655e+02
5.669616569936497399e+02
5.601654912942848341e+02
5.270489421648563848e+02
5.287440479483707350e+02
5.089696431535336956e+02
4.835726788381803090e+02
4.257154109543623122e+02
4.384438698589261207e+02
3.977994828730335257e+02
3.644195345857301618e+02
3.097775811271571911e+02
4.250998230144414833e+02
4.097898407129973180e+02
3.877108566416975464e+02
4.029397709775278145e+02
3.652457938797750785e+02
4.680212144917975934e+02
4.275190930426178397e+02
4.160671837383560501e+02
5.060604653645204962e+02
4.836544188280684580e+02
6.054889769452615838e+02
5.909400792507354936e+02
5.604460713256619329e+02
5.049014641930957623e+02
4.602113177737862202e+02
4.023901859964075811e+02
3.407511673967668457e+02
3.291760506570901725e+02
3.068584455913812121e+02
2.836726010322431080e+02
2.551053409290188085e+02
2.717948068361169476e+02
4.138153261525052358e+02
5.230337935372547236e+02
4.699304141835292512e+02
5.817373727651763602e+02
6.742636354886587924e+02
7.536372719397929814e+02
8.465735447458137060e+02
7.873161902712323581e+02
7.325845712441091564e+02
7.057261141196981953e+02
8.092535027077284440e+02
8.782281524369556109e+02
9.468053371932600157e+02
8.675248034739339573e+02
8.303723231265405502e+02
8.126350908138864497e+02
7.424715817324978389e+02
6.580244235592480209e+02
7.540219812033233211e+02
7.001197830829910345e+02
6.616078047746919992e+02
6.550470242972228334e+02
6.020423218675006183e+02
5.866380896807505678e+02
5.445742807126755451e+02
6.243168526414079906e+02
5.564851673772672029e+02
5.367366506395404713e+02
5.109629855755864014e+02
4.473666870180277897e+02
4.362300183162250278e+02
3.845070164846025023e+02
3.552563148361422236e+02
4.615306833525280013e+02
4.415776150172752068e+02
3.868198535155476634e+02
3.431378681639928914e+02
4.568240813475936193e+02
5.947416732128342574e+02
5.336675058915508316e+02
5.381007553023957826e+02
4.756906797721562157e+02
5.739216117949406453e+02
6.735294506154466490e+02
6.424765055539019158e+02
5.891288549985117697e+02
5.456159694986605473e+02
5.358543725487944585e+02
5.461689352939150695e+02
4.814520417645235284e+02
6.313068375880711756e+02
5.829761538292640353e+02
5.410785384463375749e+02
5.105706846017038743e+02
4.998136161415334868e+02
5.829322545273801097e+02
5.633390290746422124e+02
5.466051261671780139e+02
6.689446135504601898e+02
6.686501521954141936e+02
7.572851369758727742e+02
7.080566232782855423e+02
6.867509609504570562e+02
6.669758648554113734e+02
7.906782783698702133e+02
8.386104505328831920e+02
8.050494054795948387e+02
7.320444649316353889e+02
8.261400184384717704e+02
7.456260165946246161e+02
7.010634149351622000e+02
6.493570734416459800e+02
5.788213660974813592e+02
5.765392294877332233e+02
5.275853065389599124e+02
5.107267758850638870e+02
4.626540982965574926e+02
4.378886884669017263e+02
5.399998196202116105e+02
4.782998376581904836e+02
5.798698538923714523e+02
5.788828685031343184e+02
5.836945816528209434e+02
6.798251234875389173e+02
6.533426111387850597e+02
7.153083500249065310e+02
6.737775150224158551e+02
7.451997635201742014e+02
6.860797871681568267e+02
6.371718084513412350e+02
6.220546276062071911e+02
7.054491648455865516e+02
6.368042483610279305e+02
6.039238235249250693e+02
6.203314411724325055e+02
6.965982970551892777e+02
7.506384673496704636e+02
8.383746206147034172e+02
7.930371585532330982e+02
8.692334426979098225e+02
9.339100984281188857e+02
8.459190885853070085e+02
7.171271797267762622e+02
6.629144617540986246e+02
7.348230155786887963e+02
8.279407140208199962e+02
8.080466426187380193e+02
7.304419783568642970e+02
8.204977805211779014e+02
7.095480024690601795e+02
6.978932022221541729e+02
6.675038819999386988e+02
7.573534937999448857e+02
7.117181444199504767e+02
7.705463299779554518e+02
7.593916969801598498e+02
8.405525272821439557e+02
7.540972745539296511e+02
8.532875470985367201e+02
8.033587923886830140e+02
7.343229131498146671e+02
6.495906218348333141e+02
6.792315596513500395e+02
6.034084036862150242e+02
7.217675633175936127e+02
6.561908069858343424e+02
7.113717262872510219e+02
6.683345536585259197e+02
7.877010982926733504e+02
6.995309884634060609e+02
6.493778896170654207e+02
7.541401006553589923e+02
7.024260905898231613e+02
6.283834815308408679e+02
6.155451333777567697e+02
5.568906200399810587e+02
5.123015580359829073e+02
4.756714022323846507e+02
4.639042620091461799e+02
4.353138358082316017e+02
3.958824522274084643e+02
4.799942070046676008e+02
5.805947863042008521e+02
6.589353076737808124e+02
5.933417769064027425e+02
6.964075992157625024e+02
6.759668392941863431e+02
6.491701553647676519e+02
6.361531398282909322e+02
7.500378258454618390e+02
7.103340432609156778e+02
7.011006389348241328e+02
7.684905750413416854e+02
7.477415175372075282e+02
7.079673657834867981e+02
6.521706292051380842e+02
5.768535662846243213e+02
6.580682096561619119e+02
6.047613886905456866e+02
5.628852498214911293e+02
5.451967248393419823e+02
5.258770523554078409e+02
4.895893471198670568e+02
4.914304124078803966e+02
4.918873711670923967e+02
4.665986340503831684e+02
4.468387706453448232e+02
5.479548935808103352e+02
6.441594042227293357e+02
5.735434638004563794e+02
5.604891174204107074e+02
5.409402056783696935e+02
4.785461851105327469e+02
5.972915665994794381e+02
6.819624099395315397e+02
6.103661689455784654e+02
6.959295520510206643e+02
6.791365968459185751e+02
6.037229371613267404e+02
7.162506434451941004e+02
6.420255791006746904e+02
7.519230211906073009e+02
7.029307190715466049e+02
6.919376471643919331e+02
6.721438824479527057e+02
7.829294942031574465e+02
7.131365447828417246e+02
7.880228903045575635e+02
6.973206012741018185e+02
6.719885411466916594e+02
6.323896870320224934e+02
6.133507183288203350e+02
6.923156464959383811e+02
7.634840818463445657e+02
8.172356736617101660e+02
7.403121062955391380e+02
6.212808956659852129e+02
6.775528060993866575e+02
7.612975254894480486e+02
6.913677729405033006e+02
7.689309956464530842e+02
7.143378960818077985e+02
7.869041064736270528e+02
7.542136958262643702e+02
7.057923262436379446e+02
8.030130936192742865e+02
8.979117842573468806e+02
9.536206058316122380e+02
8.449585452484510597e+02
7.644626907236059878e+02
6.985164216512454232e+02
6.072647794861209150e+02
5.419383015375087780e+02
4.856444713837578888e+02
5.909800242453820829e+02
6.825820218208439201e+02
7.792238196387595508e+02
8.638014376748835730e+02
9.301212939073952839e+02
8.574091645166557782e+02
9.034682480649901208e+02
7.879214232584911315e+02
7.386292809326420183e+02
8.423663528393778961e+02
8.004297175554401065e+02
7.608867457998960617e+02
6.765980712199063873e+02
6.647382640979157031e+02
6.307644376881241897e+02
7.030879939193117707e+02
6.694791945273806277e+02
5.924312750746425991e+02
6.982881475671783846e+02
6.151593328104605689e+02
5.986433995294145234e+02
5.568790595764730824e+02
6.379911536188258196e+02
7.186920382569433059e+02
8.142228344312489980e+02
7.307005509881240641e+02
6.830304958893116236e+02
6.094274463003805522e+02
5.134847016703424742e+02
6.152362315033082041e+02
5.803126083529774633e+02
6.800813475176796601e+02
6.412732127659118078e+02
5.854458914893206156e+02
6.508013023403885882e+02
5.823211721063497635e+02
5.396890548957147757e+02
5.261201494061433550e+02
4.690081344655290536e+02
4.372073210189761880e+02
5.110865889170785863e+02
4.535779300253707333e+02
4.012201370228336827e+02
4.949981233205503486e+02
4.452983109884953592e+02
5.476684798896458233e+02
4.920016319006812751e+02
4.391014687106131760e+02
3.910913218395518243e+02
3.479821896555966418e+02
4.741839706900369720e+02
4.149655736210332861e+02
3.637690162589299803e+02
4.856921146330370220e+02
4.282229031697333426e+02
3.904006128527599913e+02
5.063605515674839808e+02
6.036244964107355599e+02
5.689620467696620381e+02
6.749658420926958797e+02
7.759692578834262804e+02
8.688723320950837206e+02
8.155850988855753485e+02
7.323265889970177795e+02
8.229939300973160243e+02
8.981945370875844219e+02
9.697750833788260252e+02
8.762975750409434568e+02
8.289678175368491111e+02
9.051710357831642568e+02
8.657539322048478425e+02
8.136785389843630583e+02
7.368106850859268206e+02
8.187296165773341272e+02
9.037566549196006918e+02
9.530809894276407022e+02
1.037772890484876598e+03
9.851956014363889835e+02
1.054076041292750233e+03
9.588684371634752779e+02
1.022281593447127761e+03
9.826534341024150763e+02
9.301880906921735459e+02
9.941692816229561913e+02
1.054952353460660561e+03
1.109457118114594550e+03
9.429114063031350952e+02
9.840202656728215516e+02
9.054182391055393282e+02
9.759764151949854067e+02
1.020778773675486832e+03
9.687008963079381374e+02
1.034430806677144346e+03
1.075387726009430025e+03
9.754489534084871138e+02
8.550040580676384252e+02
7.686036522608745827e+02
7.027432870347871585e+02
6.384689583313084995e+02
7.451220624981776837e+02
7.120098562483599380e+02
6.575088706235239897e+02
7.452579835611716135e+02
6.704321852050545658e+02
6.375889666845491774e+02
7.303300700160942824e+02
8.165970630144847746e+02
7.644373567130363654e+02
7.401936210417327402e+02
7.209742589375593980e+02
8.127768330438034354e+02
8.959991497394231601e+02
8.659992347654808782e+02
8.148993112889328359e+02
7.758093801600394954e+02
8.756284421440354890e+02
8.079655979296319401e+02
8.747690381366687689e+02
9.268921343230019829e+02
8.698029208907017846e+02
7.720226288016316403e+02
8.728203659214684649e+02
9.199383293293216184e+02
8.184444963963894679e+02
7.343000467567505893e+02
7.034700420810755759e+02
6.683230378729680297e+02
6.164907340856711926e+02
5.498416606771040733e+02
5.393574946093935978e+02
6.530217451484543290e+02
5.807195706336088961e+02
5.861476135702480406e+02
7.097328522132232820e+02
8.040595669919009651e+02
7.314536102927108914e+02
7.039082492634398704e+02
6.560174243370959175e+02
7.605156819033863940e+02
6.801641137130478683e+02
5.591477023417430701e+02
6.808329321075688085e+02
6.100496388968118708e+02
5.462446750071306951e+02
5.273202075064176597e+02
4.814881867557758710e+02
5.992393680801983464e+02
5.216154312721785118e+02
4.187538881449606833e+02
4.310784993304646378e+02
4.159706493974181853e+02
5.477735844576764066e+02
6.661962260119088342e+02
7.569766034107179848e+02
6.656789430696461523e+02
7.438110487626815939e+02
6.959299438864134117e+02
7.519369494977721615e+02
7.079432545479950250e+02
6.604489290931954883e+02
5.986040361838760191e+02
5.501436325654883603e+02
6.454292693089395243e+02
5.713863423780455832e+02
5.040477081402410136e+02
4.516429373262168951e+02
5.612786435935952341e+02
5.658507792342356879e+02
6.685657013108120736e+02
5.479091311797309345e+02
4.899182180617578410e+02
4.842263962555820740e+02
6.052037566300239178e+02
6.034833809670215032e+02
6.794350428703194211e+02
6.118915385832874563e+02
6.723023847249587561e+02
7.514721462524628350e+02
8.211249316272164833e+02
7.500124384644948350e+02
7.001111946180453742e+02
7.875000751562408823e+02
7.269500676406169077e+02
6.627550608765552624e+02
7.500795547888998271e+02
6.840715993100099013e+02
6.103644393790090135e+02
5.396279954411080553e+02
4.836651958969972611e+02
6.076986763072975464e+02
5.980288086765677917e+02
5.854259278089110694e+02
6.773833350280199284e+02
6.158450015252179810e+02
5.634605013726962852e+02
5.301144512354267135e+02
5.330030061118840194e+02
6.317027055006956289e+02
7.233324349506260660e+02
7.040991914555635276e+02
6.250892723100071180e+02
6.079803450790063835e+02
7.097823105711057678e+02
8.036040795139952024e+02
9.051436715625957277e+02
8.384293044063360867e+02
7.893863739657024325e+02
8.495477365691322120e+02
7.571929629122190590e+02
8.385736666209971872e+02
9.166162999588974571e+02
9.657546699630077001e+02
9.084792029667069073e+02
8.113312826700363303e+02
9.000981544030327086e+02
9.815883389627294946e+02
1.032429505066456613e+03
1.061786554559810838e+03
9.603078991038298682e+02
8.614771091934469496e+02
7.930293982741022774e+02
8.703264584466920724e+02
9.467938126020228538e+02
9.112144313418206139e+02
9.946929882076385638e+02
1.053023689386874821e+03
1.103821320448187407e+03
1.046339188403368780e+03
9.344052695630319931e+02
9.902647426067287597e+02
9.098382683460558837e+02
9.932544415114502954e+02
9.350289973603053113e+02
8.952260976242748711e+02
7.929034878618474522e+02
7.034131390756626843e+02
6.795718251680964386e+02
6.622146426512867947e+02
6.234931783861580925e+02
5.623438605475423628e+02
5.475094744927881720e+02
6.504585270435094344e+02
7.070126743391584796e+02
5.862114069052425975e+02
6.610902662147183264e+02
7.501812395932465733e+02
6.919631156339219160e+02
6.516668040705296789e+02
7.731001236634767793e+02
8.621901112971290786e+02
8.022711001674161935e+02
8.893439901506746992e+02
9.581095911356072747e+02
9.010986320220465586e+02
8.422887688198418346e+02
7.659598919378576056e+02
7.006639027440718337e+02
7.027975124696647526e+02
7.629177612226982319e+02
7.211259851004284656e+02
6.673133865903855622e+02
7.797820479313470514e+02
7.685038431382124600e+02
8.625534588243912140e+02
9.405981129419521949e+02
8.892383016477569981e+02
8.390144714829813211e+02
8.812130243346832685e+02
7.424917219012149872e+02
6.830425497110934430e+02
7.644382947399841441e+02
7.019944652659856956e+02
6.251950187393871374e+02
6.204755168654484123e+02
5.575279651789036279e+02
6.457751686610132538e+02
7.305976517949119398e+02
8.067378866154208481e+02
7.758640979538787406e+02
7.264776881584908779e+02
7.136299193426417560e+02
8.036669274083775463e+02
8.705002346675398712e+02
9.507502112007859978e+02
1.030475190080707534e+03
9.183276710726368037e+02
8.280949039653731916e+02
7.845854135688358610e+02
7.214268722119522863e+02
6.797841849907571259e+02
7.674057664916814474e+02
8.554651898425133822e+02
7.985186708582621122e+02
8.894668037724359237e+02
8.487201233951924451e+02
7.858481110556732574e+02
7.199632999501060340e+02
6.918669699550954419e+02
6.231802729595858636e+02
6.243622456636272773e+02
7.440260210972645609e+02
8.319234189875380707e+02
7.247310770887843319e+02
6.906579693799059214e+02
6.630921724419152952e+02
6.639829551977238680e+02
6.545846596779515494e+02
7.373261937101564172e+02
8.397935743391408323e+02
7.868142169052267718e+02
8.827327952147040833e+02
8.470595156932337204e+02
9.114535641239103825e+02
8.307082077115193215e+02
7.907373869403674007e+02
7.554636482463306493e+02
6.754172834216975616e+02
7.523755550795277713e+02
8.358379995715750965e+02
8.496541996144176210e+02
7.818887796529759271e+02
8.708999016876783799e+02
7.655099115189105987e+02
7.572589203670195275e+02
8.415330283303176202e+02
7.449797254972859264e+02
8.499817529475573110e+02
7.911835776528016595e+02
8.663652198875215618e+02
9.424286978987694283e+02
8.810858281088924286e+02
8.226772452980032995e+02
9.014095207682030377e+02
8.642685686913827112e+02
7.766417118222443605e+02
7.124775406400199245e+02
6.480297865760179548e+02
5.386268079184161479e+02
5.364641271265745672e+02
5.300177144139171332e+02
4.683159429725254199e+02
4.113843486752728609e+02
3.638459138077456032e+02
4.847613224269710486e+02
4.825851901842739835e+02
4.242266711658465965e+02
3.621040040492619596e+02
3.749936036443357921e+02
3.714942432799022072e+02
5.018448189519119751e+02
4.560603370567207548e+02
5.647543033510487476e+02
6.661788730159438501e+02
6.440609857143494992e+02
7.446548871429146175e+02
6.627893984286231444e+02
6.556104585857608527e+02
5.853494127271846992e+02
6.872144714544662065e+02
7.640930243090195972e+02
7.151837218781176944e+02
6.495653496903058794e+02
7.328088147212753256e+02
8.454279332491478272e+02
8.082851399242330217e+02
7.310566259318097764e+02
6.614509633386288669e+02
7.491058670047659689e+02
7.283952803042894857e+02
6.978557522738605030e+02
7.003701770464743959e+02
6.759331593418270359e+02
6.316398434076443209e+02
7.502758590668800025e+02
8.310482731601921387e+02
8.008434458441729475e+02
8.822591012597556528e+02
8.088331911337800193e+02
7.410498720204020628e+02
6.836448848183619020e+02
6.547803963365257687e+02
7.151023567028732941e+02
6.590921210325859647e+02
6.024829089293273228e+02
5.700346180363945905e+02
5.374311562327551428e+02
6.582880406094795944e+02
7.418592365485316122e+02
8.156733128936784851e+02
8.878059816043106593e+02
8.663253834438795593e+02
9.591928450994915920e+02
8.840735605895423532e+02
8.367662045305881975e+02
8.192895840775294118e+02
8.931606256697764366e+02
8.070445631027988611e+02
8.773401067925190091e+02
8.368060961132671309e+02
7.486254865019404861e+02
6.638629378517464374e+02
6.028766440665717710e+02
5.340889796599145711e+02
5.425800816939231481e+02
6.305220735245308106e+02
6.057698661720777409e+02
6.819928795548698872e+02
6.514935915993829667e+02
6.341442324394446359e+02
7.179298091955001837e+02
7.981368282759501653e+02
8.821231454483552170e+02
9.660108309035197180e+02
8.699097478131677690e+02
8.533187730318510376e+02
9.311868957286659452e+02
8.333682061557992711e+02
7.962313855402194349e+02
8.621082469861975142e+02
8.173974222875777969e+02
7.363576800588200513e+02
6.741219120529380007e+02
6.613097208476442574e+02
5.979787487628798317e+02
6.643808738865918713e+02
7.680427864979327524e+02
7.409385078481395794e+02
6.677446570633255760e+02
6.309701913569930412e+02
5.946731722212937257e+02
7.005058549991642849e+02
7.654552694992478337e+02
7.035097425493230503e+02
6.532587682943907339e+02
6.011328914649517401e+02
6.925196023184565774e+02
8.011676420866109538e+02
7.290508778779499153e+02
8.066457900901549465e+02
8.864812110811394632e+02
7.836330899730254487e+02
7.366697809757229152e+02
8.030028028781506464e+02
9.026025225903355249e+02
8.657422703313019383e+02
8.132680432981717331e+02
9.115412389683546053e+02
8.684871150715191561e+02
8.304384035643672632e+02
7.538945632079305597e+02
6.719051068871375492e+02
7.735145961984237601e+02
8.765631365785814069e+02
9.757068229207231980e+02
9.297361406286509009e+02
8.494625265657858790e+02
9.409162739092072343e+02
1.016024646518286545e+03
1.075922181866457777e+03
1.154829963679811954e+03
1.036446967311830804e+03
1.117602270580647655e+03
1.032942043522582935e+03
9.720478391703246643e+02
9.048430552532921638e+02
9.664587497279629815e+02
8.901128747551666720e+02
8.219015872796500162e+02
9.017114285516850032e+02
8.354402856965165256e+02
8.886962571268647935e+02
8.636266314141782914e+02
9.429639682727605532e+02
8.792675714454845775e+02
9.572408143009361083e+02
1.029816732870842543e+03
1.075035059583758311e+03
1.135231553625382503e+03
1.167008398262844366e+03
9.968075584365599298e+02
1.057226802592903823e+03
1.107804122333613577e+03
9.614237101002522650e+02
9.520813390902271749e+02
1.041973205181204548e+03
1.113875884663083980e+03
9.528882961967756273e+02
8.555994665770980419e+02
7.517395199193882718e+02
7.361655679274495014e+02
8.255490111347045286e+02
7.864941100212340643e+02
6.551446990191105897e+02
6.370302291171994966e+02
5.612272062054795470e+02
5.336044855849315809e+02
6.285440370264384455e+02
5.976896333237946237e+02
6.987206699914152068e+02
7.937486029922737316e+02
7.668737426930463243e+02
8.459863684237416237e+02
7.805877315813675068e+02
7.494289584232307107e+02
7.111860625809076737e+02
7.707674563228169973e+02
7.129907106905352521e+02
6.506916396214817269e+02
5.353224756593335769e+02
6.366902280934002647e+02
7.218212052840601700e+02
8.238390847556541985e+02
7.814551762800888355e+02
7.487096586520799519e+02
8.496386927868720704e+02
8.097748235081849089e+02
8.925973411573663725e+02
8.207376070416297580e+02
7.730638463374667708e+02
8.663574617037201051e+02
8.338217155333480832e+02
9.261395439800132863e+02
1.023925589582011980e+03
1.049133030623810782e+03
9.936197275614297268e+02
9.587577548052868224e+02
1.013681979324758231e+03
9.715137813922824535e+02
1.037062403253054299e+03
1.095756162927748846e+03
1.164680546634974007e+03
1.217412491971476584e+03
1.117471242774328857e+03
1.183324118496896062e+03
1.047091706647206365e+03
8.958825359824857060e+02
8.600942823842370899e+02
9.396848541458134605e+02
1.017616368731232114e+03
9.073547318581089485e+02
9.936192586722980877e+02
9.299573328050682903e+02
8.506615995245615522e+02
8.166954395721054425e+02
8.923258956148949892e+02
8.590933060534055130e+02
7.809839754480649390e+02
8.355855779032584678e+02
7.716270201129326551e+02
8.516643181016394237e+02
8.068978862914755155e+02
7.816080976623279639e+02
7.206472878960952357e+02
6.607825591064857917e+02
7.473043031958372922e+02
6.769738728762536084e+02
6.225764855886282021e+02
6.105188370297654501e+02
6.924669533267889392e+02
7.844202579941101021e+02
8.559782321946991033e+02
7.860804089752292612e+02
7.231723680777064374e+02
7.882551312699357595e+02
8.312296181429421722e+02
7.842066563286480232e+02
8.616859906957831754e+02
8.260173916262049261e+02
7.333156524635844562e+02
8.223840872172260106e+02
7.483456784955034209e+02
7.227111106459531129e+02
6.670399995813578471e+02
6.161359996232220055e+02
7.123223996608999187e+02
8.205901596948099268e+02
8.992311437253290478e+02
9.841080293527961658e+02
9.332972264175166401e+02
9.925675037757649761e+02
9.144107533981884899e+02
8.311696780583697546e+02
9.161527102525328701e+02
8.633374392272795603e+02
9.461036953045515929e+02
8.755933257740964564e+02
7.871339931966869017e+02
7.265205938770182001e+02
7.204685344893164256e+02
6.788216810403847603e+02
6.466395129363463639e+02
6.251755616427118412e+02
5.505580054784406911e+02
6.558022049305966448e+02
7.711219844375369803e+02
7.515097859937833391e+02
8.507588073944050393e+02
7.611829266549646036e+02
8.401646339894681432e+02
9.248481705905213630e+02
8.995633535314692608e+02
8.076070181783223916e+02
7.233463163604901638e+02
7.023116847244410792e+02
6.852805162519970281e+02
6.756524646267972685e+02
6.139872181641175075e+02
7.151884963477058363e+02
6.511696467129352186e+02
7.216526820416416967e+02
6.765874138374775839e+02
7.374286724537298596e+02
6.179858052083568509e+02
5.533872246875212113e+02
6.422485022187690902e+02
6.314236519968922039e+02
7.153812867972030745e+02
6.736431581174826988e+02
7.592788423057344289e+02
8.241509580751610429e+02
8.779358622676450068e+02
8.111422760408805743e+02
8.835280484367925737e+02
7.988752435931133959e+02
7.366877192338021132e+02
8.139189473104219132e+02
8.898270525793798242e+02
7.957443473214418646e+02
7.584699125892976781e+02
6.788229213303679899e+02
6.330406291973312136e+02
6.088365662775980809e+02
5.568529096498382387e+02
4.784676186848544148e+02
4.675208568163689620e+02
5.802687711347321056e+02
5.511418940212588495e+02
5.308277046191329873e+02
4.985449341572197000e+02
6.235904407414977868e+02
6.185313966673479626e+02
7.106782570006131436e+02
6.461104313005517952e+02
7.394993881704966725e+02
7.177494493534470621e+02
6.711745044181024014e+02
7.634570539762921726e+02
8.649113485786629099e+02
9.250202137207966189e+02
9.584181923487169570e+02
1.036076373113845420e+03
9.482687358024608102e+02
8.772418622222146496e+02
7.909176759999932074e+02
8.884259083999938866e+02
9.702833175599945434e+02
1.045354985803995078e+03
1.119919487223595752e+03
1.157927538501236086e+03
1.042334784651112614e+03
1.008501306186001329e+03
9.153511755674012420e+02
8.206160580106610496e+02
9.138544522095949105e+02
8.318690069886354195e+02
9.092821062897719457e+02
9.659538956607948421e+02
9.104585060947154034e+02
9.452126554852438858e+02
1.000591389936719452e+03
9.435322509430475293e+02
8.951790258487427536e+02
9.388611232638685351e+02
8.464750109374816702e+02
7.634275098437335600e+02
8.795847588593602495e+02
9.290262829734242587e+02
1.021923654676081924e+03
1.062531289208473709e+03
9.766781602876263833e+02
9.013103442588636653e+02
8.077793098329773329e+02
9.149013788496796451e+02
8.381112409647117829e+02
9.347001168682405705e+02
9.020301051814165021e+02
9.649270946632749428e+02
9.323343851969474372e+02
