-4.870000000000000000e+02
-4.521999999999999886e+02
-4.510800000000000409e+02
-4.159720000000000368e+02
-3.908748000000000502e+02
-3.444873200000000679e+02
-1.807385880000000498e+02
-2.175647292000000448e+02
-2.039082562800000460e+02
-1.545174306520000584e+02
-1.383656875868000782e+02
-1.627291188281200789e+02
-1.490562069453080767e+02
-1.746505862507772804e+02
-1.716855276256995637e+02
-1.287169748631295931e+02
-7.764527737681663666e+01
-7.328074963913498152e+01
-1.055526746752214819e+02
1.290259279230066625e+01
1.051233351307060104e+01
2.866110016176354236e+01
3.529499014558719239e+01
1.026549113102847244e+01
-5.446105798207437942e+01
-9.961495218386694717e+01
-1.039534569654802567e+02
-9.465811126893223104e+01
-8.599230014203901362e+01
-1.378930701278351307e+02
-5.080376311505162334e+01
-9.382338680354646954e+01
-1.238410481231918254e+02
2.224305668912737133e+01
1.334187510202146427e+02
8.377687591819318413e+01
6.829918832637387993e+01
1.560692694937364990e+02
1.764623425443628548e+02
1.827161082899265807e+02
1.624444974609339170e+02
1.557000477148405366e+02
2.118300429433564886e+02
2.062470386490208512e+02
1.079223347841187746e+02
6.763010130570690137e+01
6.566709117513620697e+01
1.743003820576225849e+02
1.546703438518603377e+02
1.040033094666743096e+02
5.290297852000688295e+01
1.350126806680061975e+02
1.258114126012055749e+02
1.160302713410850117e+02
9.952724420697650487e+01
1.705745197862788700e+02
1.176170678076509830e+02
8.095536102688588187e+01
7.845982492419729226e+01
7.151384243177757583e+01
4.576245818859981540e+01
4.208621236973983315e+01
-6.922408867234153718e+00
3.196983201948926379e+01
4.487284881754034416e+01
6.008556393578631116e+01
1.486770075422076900e+02
8.930930678798691247e+01
1.008783761091882241e+02
9.399053849826940166e+01
3.369148464844245439e+01
4.822233618359821605e+01
2.500010256523839658e+01
5.290009230871456225e+01
3.191008307784310460e+01
1.101907477005879699e+01
-7.682832706947083423e+00
-5.191454943625237206e+01
-4.112309449262713201e+01
1.028921495663558261e+01
-5.039706539027976717e+00
-4.353573588512517745e+01
-7.878216229661265402e+01
-9.010394606695139430e+01
-1.190935514602562506e+02
-1.081841963142306327e+02
-1.040657766828075808e+02
-1.425919901452681415e+01
2.886672088692586868e+01
1.449800487982332697e+02
1.421820439184099314e+02
9.346383952656894678e+01
4.091745557391205068e+01
-9.574289983479161492e+00
-3.141686098513124392e+01
-4.875174886618118819e+00
1.921234260204369448e+01
2.359110834183932681e+01
1.611319975076553987e+02
2.005187977568898532e+02
1.832669179812008906e+02
1.517402261830808072e+02
1.415662035647727350e+02
1.539095832082954587e+02
1.524186248874659100e+02
2.561767623987193474e+02
3.953590861588473899e+02
3.892231775429626168e+02
3.274008597886663665e+02
3.477607738097997867e+02
4.218846964288197796e+02
3.514962267859378358e+02
2.356466041073440465e+02
1.725819436966096418e+02
1.810237493269486890e+02
1.357213743942538144e+02
1.124492369548284358e+02
8.000431325934559368e+01
1.166038819334110315e+02
1.220434937400699198e+02
7.363914436606292213e+01
1.171752299294566342e+02
1.183577069365109793e+02
9.042193624285988562e+01
1.714797426185739084e+02
9.983176835671650906e+01
1.193485915210448667e+02
1.665137323689403956e+02
1.181623591320463476e+02
7.034612321884171138e+01
7.831151089695754308e+01
1.097803598072617888e+02
1.716023238265356099e+02
9.774209144388204606e+01
1.590678822994938457e+02
1.559610940695444867e+02
1.395649846625900352e+02
2.287084861963310232e+02
1.868376375766979152e+02
2.799538738190281038e+02
2.304584864371252877e+02
3.141126377934127731e+02
2.286013740140715242e+02
2.275412366126643917e+02
2.675871129513979554e+02
2.405284016562581542e+02
3.506755614906323899e+02
3.195080053415691168e+02
2.864572048074122108e+02
3.698114843266710068e+02
3.959303358940039175e+02
3.888373023046035541e+02
3.409535720741432101e+02
4.185582148667288607e+02
3.645023933800559917e+02
3.386521540420504266e+02
2.785869386378453783e+02
2.305282447740608518e+02
1.821754202966547496e+02
1.640578782669892632e+02
1.515520904402903568e+02
1.264968813962613297e+02
2.002471932566351995e+02
2.003224739309716824e+02
2.533902265378745255e+02
2.699512038840870787e+02
2.655560834956783651e+02
3.482004751461105343e+02
3.667804276314994922e+02
3.439023848683495430e+02
3.208121463815145944e+02
4.356309317433631350e+02
4.115678385690268328e+02
5.114110547121241552e+02
4.345699492409117397e+02
4.192129543168205714e+02
3.765916588851385427e+02
3.890324929966247396e+02
3.761292436969622486e+02
4.518163193272660578e+02
3.723346873945394577e+02
3.484012186550855290e+02
3.273610967895770045e+02
2.759249871106193268e+02
2.556324883995574169e+02
2.190692395596016695e+02
1.994623156036415139e+02
1.400160840432773739e+02
2.395144756389496479e+02
1.710630280750546888e+02
3.009567252675492455e+02
3.686610527407943323e+02
3.018949474667149389e+02
3.011054527200434450e+02
2.774949074480391005e+02
2.703454167032352302e+02
3.404108750329117470e+02
3.978697875296205666e+02
4.508828087766585213e+02
4.775945278989926805e+02
4.624350751090934182e+02
4.840915675981840423e+02
4.494824108383656380e+02
4.160341697545291026e+02
4.531307527790762038e+02
5.366176775011686004e+02
4.481559097510517518e+02
4.228403187759465709e+02
4.774562868983518911e+02
5.531106582085167247e+02
4.709995923876650750e+02
5.095996331488985902e+02
3.852396698340087369e+02
4.817157028506078973e+02
5.229441325655470791e+02
5.547497193089923258e+02
4.526747473780930591e+02
4.381072726402837247e+02
4.859965453762553693e+02
4.532968908386297926e+02
4.327672017547668588e+02
4.038904815792901672e+02
3.735014334213611846e+02
4.380512900792250548e+02
5.161461610713025721e+02
5.655315449641723262e+02
4.662783904677551163e+02
4.353505514209796274e+02
4.066154962788816647e+02
4.244539466509934869e+02
5.013085519858941552e+02
5.342776967873047624e+02
5.867499271085742976e+02
5.090749343977169019e+02
5.241674409579452458e+02
4.858506968621507554e+02
4.029656271759356514e+02
3.574690644583421317e+02
3.075221580125079299e+02
2.794699422112571483e+02
3.296229479901314221e+02
2.870606531911182628e+02
3.912545878720064820e+02
3.586291290848058679e+02
3.362662161763253152e+02
3.817395945586928292e+02
4.822656351028235804e+02
4.236390715925412565e+02
4.966751644332871365e+02
4.648076479899584683e+02
5.288268831909626897e+02
4.743441948718664207e+02
4.267097753846798014e+02
4.727387978462118099e+02
4.503649180615906289e+02
4.948284262554315660e+02
4.357455836298884151e+02
3.564710252668995736e+02
4.283239227402096390e+02
5.089915304661886921e+02
5.622923774195699025e+02
5.890631396776129804e+02
5.445568257098516369e+02
4.808011431388664505e+02
5.186210288249798168e+02
4.937589259424818238e+02
4.662830333482336300e+02
3.783547300134102898e+02
3.047192570120692494e+02
3.495473313108623188e+02
4.403925981797760869e+02
3.684533383617985010e+02
3.300080045256186168e+02
4.053072040730567664e+02
3.555764836657510841e+02
3.075188352991759757e+02
2.902669517692584122e+02
3.472402565923325710e+02
2.947162309330993253e+02
3.816446078397893871e+02
3.206801470558104370e+02
2.951121323502293876e+02
3.852009191152064886e+02
3.474808272036858625e+02
3.027327444833172763e+02
4.063594700349855202e+02
4.102235230314869909e+02
3.696011707283382748e+02
3.877410536555044587e+02
3.745669482899540412e+02
4.415102534609586655e+02
4.261592281148627990e+02
3.933433053033765532e+02
3.882089747730389035e+02
4.629880772957350246e+02
4.003892695661615448e+02
3.117503426095453847e+02
3.327753083485908405e+02
2.854977775137317622e+02
3.742479997623586314e+02
3.554231997861227796e+02
4.031808798075105074e+02
4.522627918267594396e+02
5.107365126440835184e+02
5.520628613796751551e+02
4.847565752417076510e+02
4.299809177175368973e+02
3.609828259457831905e+02
4.230845433512048430e+02
4.572760890160843701e+02
3.390484801144759217e+02
3.705436321030283580e+02
3.781892688927255222e+02
3.695703420034529927e+02
4.751133078031077162e+02
4.138019770227969616e+02
4.694217793205172597e+02
5.136796013884655849e+02
4.811116412496190264e+02
5.008004771246571636e+02
5.443204294121914018e+02
4.824883864709722729e+02
5.190395478238750684e+02
6.017355930414876184e+02
5.696620337373389020e+02
5.123958303636051141e+02
4.840562473272445914e+02
4.372506225945201663e+02
4.916255603350682009e+02
6.302630043015614092e+02
6.345367038714052796e+02
7.126830334842647972e+02
7.415147301358383629e+02
6.538632571222545948e+02
5.572769314100290785e+02
5.672492382690262502e+02
5.114243144421236025e+02
4.858818829979112479e+02
4.468936946981201572e+02
4.066043252283081415e+02
3.548438927054772876e+02
3.208595034349295929e+02
4.215735530914366791e+02
3.638161977822929884e+02
3.124345780040637237e+02
3.008911202036573513e+02
3.998020081832916048e+02
4.416218073649624785e+02
5.314596266284662534e+02
4.678136639656196394e+02
4.204322975690576527e+02
3.774890678121519159e+02
3.607401610309367470e+02
2.673661449278430950e+02
2.498295304350587855e+02
2.224465773915528928e+02
3.804019196523976234e+02
3.513617276871578952e+02
3.255255549184421398e+02
3.171729994265979258e+02
3.067556994839381446e+02
3.058801295355443699e+02
3.624921165819899329e+02
2.528429049237909396e+02
3.266586144314118769e+02
3.893927529882706722e+02
3.561534776894436050e+02
2.883381299204992843e+02
2.714043169284493615e+02
3.701638852356044254e+02
3.187474967120440397e+02
2.979727470408396925e+02
2.238754723367557062e+02
2.634879251030801015e+02
2.411391325927720857e+02
3.332252193334948629e+02
3.255026974001453937e+02
3.463524276601308429e+02
4.283171848941178155e+02
3.802854664047060282e+02
3.551569197642353970e+02
3.087412277878119085e+02
3.060671050090307403e+02
3.434603945081276493e+02
3.023143550573148559e+02
2.609829195515833362e+02
2.579846275964250140e+02
3.503861648367825410e+02
3.496475483531042983e+02
2.631827935177938684e+02
2.614645141660145100e+02
2.370180627494130476e+02
2.577162564744717201e+02
2.302446308270245652e+02
2.290201677443221229e+02
2.175181509698899163e+02
2.847663358729009246e+02
2.627897022856108151e+02
3.666107320570497450e+02
4.574496588513447932e+02
4.045046929662103139e+02
5.099542236695892825e+02
4.571588013026303656e+02
5.282429211723673461e+02
5.381186290551306683e+02
4.901067661496176129e+02
5.349960895346558800e+02
6.000964805811903489e+02
5.278868325230712344e+02
5.020981492707641110e+02
4.547883343436876658e+02
4.386095009093189105e+02
3.895485508183870138e+02
4.699936957365483750e+02
5.847943261628936398e+02
6.006148935466042076e+02
5.370534041919438550e+02
4.761480637727494809e+02
4.028332573954745612e+02
3.779499316559271165e+02
3.102549384903344389e+02
3.009294446413010178e+02
2.842365001771709103e+02
2.824128501594538534e+02
3.720715651435084510e+02
3.383644086291575945e+02
4.204279677662418635e+02
4.204851709896176999e+02
3.316366538906559072e+02
4.186729885015903392e+02
5.106056896514313053e+02
4.335451206862881577e+02
3.682906086176593590e+02
3.392615477558934458e+02
4.398353929803041069e+02
4.812518536822736905e+02
4.422266683140463783e+02
3.836040014826417632e+02
4.640436013343776267e+02
4.382392412009398868e+02
5.143153170808459436e+02
6.000837853727613265e+02
5.721754068354852052e+02
6.923578661519367188e+02
6.204220795367430128e+02
5.693798715830687343e+02
5.390418844247618608e+02
5.728376959822857089e+02
5.168539263840571039e+02
4.471685337456514162e+02
4.679516803710862973e+02
4.211565123339776733e+02
4.550408611005798889e+02
4.760367749905219057e+02
4.442330974914697208e+02
5.310097877423228283e+02
4.523088089680905455e+02
4.164779280712814966e+02
3.859301352641533640e+02
4.425371217377380049e+02
4.835834095639642101e+02
5.455250686075678459e+02
5.660725617468110613e+02
5.494653055721299779e+02
4.964187750149169460e+02
4.545768975134252514e+02
4.252192077620827604e+02
3.573972869858744730e+02
3.269575582872870427e+02
2.571618024585583271e+02
1.878456222127024944e+02
2.503610599914322563e+02
3.946249539922890790e+02
3.147624585930601597e+02
2.843862127337541779e+02
1.888475914603787373e+02
1.931628323143408466e+02
1.566465490829067733e+02
9.328189417461608457e+01
8.215370475715448606e+01
8.583833428143904598e+01
8.215450085329514707e+01
1.776390507679656423e+02
1.582751456911690866e+02
2.179476311220521723e+02
1.441528680098469692e+02
1.131375812088622865e+02
1.141238230879760636e+02
9.141144077917846289e+01
7.777029670126061944e+01
1.348932670311345703e+02
2.163039403280211275e+02
2.080735462952190176e+02
2.281661916656971130e+02
3.458495724991274187e+02
2.653646152492146939e+02
1.745281537242932473e+02
2.724753383518639112e+02
2.131278045166775428e+02
1.730150240650097828e+02
2.096135216585088017e+02
2.149521694926579300e+02
2.542569525433921456e+02
2.452312572890529339e+02
3.164081315601476376e+02
2.894673184041328682e+02
3.260205865637195757e+02
4.352185279073476636e+02
5.028966751166128688e+02
3.917070076049516274e+02
3.435363068444564760e+02
3.383826761600108171e+02
4.083444085440097524e+02
3.822099676896087885e+02
3.096889709206479324e+02
3.813200738285831903e+02
3.895880664457248486e+02
3.735292598011523637e+02
3.526763338210371330e+02
4.175087004389334311e+02
4.318578303950401391e+02
5.061720473555361082e+02
5.731548426199824462e+02
5.219393583579842470e+02
6.022454225221858906e+02
6.567208802699673242e+02
6.981487922429706714e+02
5.775339130186736156e+02
6.752805217168062200e+02
5.995524695451255184e+02
6.850972225906130006e+02
7.369875003315517006e+02
8.068887502983965305e+02
8.687998752685568888e+02
8.948198877417012227e+02
7.607378989675311232e+02
6.850641090707780450e+02
5.730576981637002518e+02
5.849519283473302949e+02
6.420567355125973563e+02
6.095510619613377230e+02
6.180959557652039393e+02
5.314863601886836477e+02
5.198377241698153739e+02
4.728539517528338365e+02
5.364685565775504301e+02
6.183217009197953757e+02
6.879895308278158836e+02
6.079905777450342157e+02
6.174915199705308169e+02
5.455423679734776670e+02
5.018881311761298889e+02
6.057993180585169739e+02
6.730193862526652993e+02
6.024174476273988148e+02
6.653757028646590470e+02
7.288381325781931537e+02
7.530543193203739065e+02
8.394488873883366296e+02
7.456039986495029552e+02
8.029435987845527052e+02
8.235492389060974574e+02
8.599943150154877003e+02
7.916948835139389757e+02
8.494253951625451009e+02
7.543828556462906363e+02
6.553445700816615727e+02
6.694101130734954950e+02
7.811691017661460137e+02
8.165521915895313896e+02
8.613969724305782165e+02
7.791572751875204403e+02
8.440415476687683167e+02
7.951373929018915305e+02
7.303236536117024116e+02
6.507912882505321477e+02
6.616121594254789215e+02
7.438509434829310294e+02
7.734658491346378923e+02
7.019192642211741031e+02
6.942273377990567269e+02
7.237046040191510201e+02
6.490341436172359408e+02
5.877307292555124150e+02
5.155576563299612189e+02
4.866018906969651425e+02
5.545417016272685942e+02
5.012875314645417575e+02
4.294587783180875817e+02
4.113129004862788634e+02
3.616816104376509884e+02
4.506134493938859009e+02
3.940521044544973392e+02
4.737468940090476508e+02
5.303722046081429653e+02
4.810349841473286574e+02
5.517314857325957291e+02
5.346583371593361562e+02
4.732925034434025520e+02
4.921632530990622740e+02
4.949469277891560637e+02
5.301522350102404744e+02
6.120370115092164269e+02
6.387333103582948297e+02
7.119599793224654150e+02
6.334639813902189189e+02
5.148175832511971066e+02
4.795358249260773960e+02
5.283822424334696279e+02
5.918440181901227106e+02
6.362596163711104964e+02
7.076336547339994922e+02
6.226702892605994748e+02
5.834032603345395955e+02
6.211629343010856701e+02
6.610466408709771713e+02
7.122419767838794087e+02
7.815177791054915133e+02
7.040660011949423733e+02
7.529594010754481133e+02
6.756634609679033474e+02
7.393971148711129899e+02
6.730574033840017592e+02
6.233516630456016401e+02
6.988164967410414192e+02
6.264348470669373228e+02
5.743913623602436473e+02
6.364522261242193508e+02
5.466070035117974157e+02
4.600463031606176969e+02
5.831416728445559556e+02
6.409275055601003714e+02
5.973347550040903116e+02
5.232012795036813486e+02
4.487811515533131796e+02
5.027030363979818617e+02
4.668327327581836812e+02
4.849494594823653415e+02
4.561545135341287960e+02
5.306390621807158823e+02
4.373751559626443282e+02
5.195376403663799465e+02
5.812838763297419291e+02
5.150554886967677248e+02
5.806499398270909751e+02
5.134849458443818548e+02
4.959364512599436807e+02
4.538428061339492956e+02
4.157585255205543717e+02
5.248826729684989232e+02
4.659944056716490763e+02
3.710949651044841744e+02
3.660854685940357740e+02
4.424769217346321852e+02
3.638292295611689724e+02
4.106463066050520752e+02
4.464816759445468506e+02
4.788335083500921883e+02
4.968501575150829694e+02
4.549651417635747066e+02
4.058686275872172473e+02
4.228817648284955339e+02
5.270935883456459123e+02
6.041842295110814121e+02
6.905658065599732254e+02
6.222092259039759483e+02
6.489883033135783990e+02
6.905894729822206273e+02
5.841305256839985987e+02
5.332174731155987502e+02
4.615957258040388638e+02
5.403361532236349376e+02
4.538025379012714779e+02
3.861222841111443245e+02
4.186100557000299318e+02
3.296490501300269216e+02
3.318841451170242181e+02
2.723957306053217735e+02
2.592561575447896303e+02
3.190305417903106786e+02
3.729274876112796164e+02
4.469347388501516889e+02
4.010412649651365200e+02
3.546371384686228794e+02
4.344734246217606142e+02
3.819260821595845528e+02
3.107334739436261088e+02
4.025601265492634866e+02
5.102041138943371834e+02
4.561837025049034651e+02
3.430653322544131356e+02
4.149587990289718391e+02
3.627629191260746779e+02
4.061866272134672045e+02
3.910679644921204954e+02
4.102611680429084799e+02
3.718350512386176661e+02
4.532515461147559108e+02
4.074263915032803425e+02
3.706837523529522969e+02
3.450153771176570672e+02
3.301138394058913832e+02
4.179024554653022392e+02
3.513122099187719982e+02
2.745809889268948041e+02
2.937228900342053635e+02
3.444506010307848669e+02
4.305055409277063632e+02
3.303549868349356871e+02
3.291194881514421127e+02
3.094075393362978730e+02
2.720667854026681312e+02
2.155601068624013124e+02
1.756040961761611925e+02
2.728436865585450732e+02
3.252593179026905545e+02
4.112333861124214991e+02
3.700100475011793151e+02
2.586090427510613381e+02
2.580481384759552270e+02
2.298433246283597100e+02
1.972589921655237504e+02
2.503330929489713981e+02
3.592997836540743037e+02
3.444698052886669188e+02
3.459228247598002213e+02
4.209305422838202162e+02
3.453374880554382003e+02
3.007037392498943404e+02
3.925333653249049348e+02
3.504800287924144300e+02
3.864320259131729927e+02
4.107888233218557161e+02
4.905099409896701559e+02
5.484589468907031460e+02
5.705130522016328314e+02
5.774617469814695596e+02
6.405155722833226264e+02
5.786640150549903865e+02
6.658976135494914388e+02
5.815078521945423518e+02
6.577570669750881507e+02
6.605813602775793925e+02
5.760232242498215101e+02
5.326209018248393932e+02
5.679588116423554993e+02
6.118629304781200062e+02
5.604766374303079601e+02
4.608289736872771414e+02
5.319460763185494443e+02
5.626514686866945567e+02
5.309863218180250897e+02
4.400876896362225921e+02
5.066789206726003840e+02
5.309110286053403343e+02
5.180199257448063008e+02
5.710179331703257049e+02
6.379161398532932026e+02
5.402245258679639619e+02
5.051020732811675771e+02
5.684918659530508194e+02
6.257426793577457147e+02
5.923684114219712455e+02
6.550315702797740869e+02
5.794284132517966555e+02
6.471855719266170581e+02
6.909670147339553523e+02
7.423703132605597830e+02
8.264332819345038388e+02
6.888899537410535459e+02
7.376009583669482481e+02
7.256408625302533437e+02
7.737767762772281230e+02
7.196990986495052312e+02
5.976291887845546853e+02
5.316662699060991599e+02
5.667996429154892439e+02
4.955196786239403082e+02
4.304677107615463001e+02
5.235209396853916815e+02
4.415688457168524792e+02
4.013119611451672313e+02
4.765807650306504684e+02
5.302226885275854329e+02
4.854004196748268782e+02
4.327603777073441620e+02
4.214843399366097287e+02
4.631359059429487957e+02
5.411223153486539559e+02
6.298100838137886512e+02
6.113290754324098089e+02
6.356961678891688052e+02
5.337265511002519816e+02
4.830538959902268061e+02
5.318485063912041824e+02
4.455636557520837755e+02
4.183072901768754264e+02
4.816765611591878837e+02
4.500089050432691238e+02
5.242080145389422796e+02
4.477872130850480517e+02
4.999084917765433147e+02
5.644176425988889605e+02
6.657758783390000872e+02
6.346982905051000898e+02
6.319284614545900922e+02
7.026356153091310262e+02
7.244720537782179690e+02
7.895248484003961948e+02
7.950723635603566208e+02
8.408651272043209701e+02
7.690786144838888276e+02
7.883707530355000017e+02
7.004336777319499561e+02
7.139903099587550059e+02
8.146912789628795508e+02
7.624221510665917094e+02
7.199799359599325044e+02
7.141819423639393563e+02
7.513637481275454775e+02
7.751273733147909297e+02
8.278146359833118595e+02
7.675331723849807304e+02
8.016798551464826232e+02
7.404118696318344064e+02
7.985706826686509885e+02
6.733136144017859124e+02
7.343822529616072643e+02
6.710440276654466061e+02
7.225396248989019341e+02
7.432856624090117066e+02
7.880570961681105473e+02
8.414513865512996063e+02
8.650062478961697252e+02
8.593056231065527300e+02
8.710750607958975706e+02
7.788675547163078363e+02
7.111807992446771323e+02
7.487627193202094986e+02
7.462864473881885488e+02
7.052578026493697507e+02
6.902320223844327529e+02
7.177088201459895345e+02
7.311379381313906833e+02
7.794241443182515923e+02
7.068817298864264558e+02
6.572935568977839011e+02
5.872642012080056020e+02
5.540377810872050759e+02
6.020340029784846365e+02
5.430306026806362070e+02
5.983275424125725976e+02
4.935947881713153720e+02
4.517353093541838689e+02
3.964617784187654479e+02
4.318156005768889258e+02
3.808340405192000162e+02
4.411506364672800373e+02
4.187355728205520222e+02
3.551620155384968598e+02
3.862458139846472136e+02
4.657212325861825093e+02
5.207491093275642697e+02
5.271741983948078314e+02
6.129567785553269914e+02
5.482611006997943832e+02
5.844349906298149335e+02
6.390914915668334970e+02
6.167823424101501359e+02
5.848041081691351337e+02
5.562236973522216203e+02
6.171013276169994697e+02
5.459911948552995682e+02
5.888920753697696000e+02
6.025028678327926173e+02
6.697525810495134237e+02
6.241773229445620927e+02
5.478595906501059289e+02
5.654736315850954043e+02
5.211262684265858525e+02
4.663136415839272786e+02
5.406822774255344939e+02
5.864140496829810445e+02
5.163726447146830196e+02
4.988353802432147290e+02
4.779518422188932618e+02
5.552566579970039129e+02
6.122309921973035216e+02
5.419078929775731694e+02
5.231171036798158411e+02
5.992053933118343139e+02
5.637848539806509507e+02
5.123063685825858329e+02
4.601757317243273064e+02
4.356581585518945872e+02
5.106923426967051682e+02
5.522231084270346173e+02
6.210007975843311669e+02
5.703007178258980048e+02
5.339706460433083066e+02
5.890735814389774987e+02
5.575662232950797943e+02
5.223096009655718035e+02
4.694786408690146118e+02
4.387307767821131392e+02
5.040576991039018253e+02
6.045519291935116826e+02
6.697967362741605939e+02
7.203170626467446027e+02
6.796853563820701538e+02
5.679168207438632408e+02
5.588251386694769280e+02
4.943426248025292011e+02
4.002083623222762867e+02
4.941875260900486637e+02
5.300687734810437632e+02
6.288618961329393642e+02
7.027757065196453823e+02
6.560981358676808668e+02
5.855883222809128483e+02
6.528294900528214839e+02
6.120465410475393355e+02
6.340418869427854816e+02
5.807376982485069448e+02
5.393639284236562617e+02
4.981275355812906582e+02
5.027147820231616606e+02
5.430433038208454946e+02
4.899389734387609678e+02
5.571450760948848711e+02
4.916305684853963953e+02
4.694675116368567842e+02
5.258207604731710489e+02
4.676386844258539099e+02
5.716748159832685587e+02
6.383073343849416688e+02
5.790766009464475701e+02
6.608689408518029040e+02
6.230820467666226250e+02
6.843738420899603625e+02
7.230364578809643490e+02
7.749328120928679482e+02
6.939395308835811420e+02
7.657455777952230846e+02
7.693710200157008785e+02
7.870339180141307907e+02
7.179305262127177230e+02
6.679374735914459507e+02
7.020437262323013101e+02
6.204393536090711905e+02
5.551954182481640601e+02
5.029758764233476995e+02
5.393782887810129978e+02
6.119404599029116980e+02
6.021464139126205737e+02
6.391317725213585845e+02
6.926185952692227374e+02
6.271567357423003841e+02
6.819410621680704025e+02
6.447469559512634305e+02
6.999722603561370988e+02
7.346750343205234230e+02
6.508075308884710921e+02
5.231267777996239374e+02
5.104141000196615892e+02
4.535726900176954359e+02
4.910154210159259378e+02
4.371138789143333270e+02
4.419024910228999943e+02
4.417122419206099835e+02
5.105410177285489794e+02
5.615869159556940531e+02
5.938282243601246364e+02
6.213454019241121387e+02
5.961108617317008793e+02
5.913997755585307914e+02
6.605597980026777805e+02
7.410038182024100024e+02
7.875034363821690704e+02
8.220530927439522202e+02
8.180477834695570891e+02
8.283430051226014257e+02
8.923087046103412376e+02
9.113778341493070911e+02
9.591400507343763593e+02
9.466260456609387575e+02
9.554634410948449386e+02
8.736170969853604902e+02
8.898553872868244525e+02
9.055698485581420982e+02
8.774128637023278543e+02
8.622715773320951484e+02
7.659444195988855881e+02
7.563499776389970748e+02
6.703149798750973787e+02
6.625834818875875953e+02
6.108251336988288358e+02
6.128426203289459409e+02
6.804583582960513013e+02
6.314125224664461484e+02
5.860712702198014767e+02
6.074641431978213859e+02
6.792177288780392246e+02
6.152959559902353703e+02
6.479663603912118788e+02
5.369697243520906795e+02
4.972727519168816457e+02
3.945454767251935095e+02
4.178909290526741529e+02
3.656018361474067433e+02
4.383416525326661031e+02
4.593074872793995382e+02
5.320767385514595844e+02
6.183690646963136714e+02
6.252321582266823725e+02
4.926089424040141012e+02
5.740480481636127479e+02
5.209432433472514958e+02
5.969489190125264031e+02
5.243540271112738083e+02
4.512186244001464388e+02
4.169967619601317779e+02
4.238970857641186285e+02
5.238073771877068339e+02
4.587266394689361846e+02
5.478539755220425604e+02
5.775685779698383158e+02
5.220117201728545524e+02
4.851105481555691199e+02
4.349994933400121795e+02
4.535995440060110013e+02
3.980395896054099012e+02
3.481356306448689111e+02
3.839220675803820768e+02
3.667298608223438805e+02
4.363568747401095038e+02
4.726211872660985591e+02
6.086590685394887714e+02
5.612931616855398715e+02
6.244638455169858844e+02
5.596174609652873642e+02
6.061557148687586505e+02
5.499401433818827627e+02
6.302461290436945092e+02
5.537215161393251037e+02
6.311493645253926843e+02
6.674344280728533931e+02
7.048909852655681334e+02
6.246018867390114337e+02
6.662416980651103131e+02
7.443175282585993955e+02
6.716857754327394332e+02
5.609171978894654558e+02
4.794254781005189443e+02
5.291829302904670840e+02
4.657646372614203756e+02
3.734881735352783494e+02
3.260393561817505201e+02
2.609354205635754624e+02
2.556418785072179389e+02
2.447776906564961337e+02
1.443999215908465317e+02
1.383599294317618842e+02
1.163239364885857015e+02
1.552915428397271285e+02
1.487623885557544270e+02
2.763861497001789758e+02
3.057475347301610782e+02
3.931727812571450045e+02
3.870555031314304983e+02
3.437499528182874542e+02
2.898749575364587372e+02
2.578874617828128635e+02
4.036987156045315714e+02
4.633288440440784370e+02
3.685959596396705820e+02
3.547363636757035579e+02
4.273627273081332305e+02
4.865264545773198961e+02
5.309738091195879406e+02
5.528764282076291465e+02
4.718887853868662319e+02
4.263999068481796257e+02
3.914599161633616404e+02
4.355139245470254536e+02
4.985625320923229538e+02
4.023062788830906129e+02
3.853756509947815516e+02
3.010380858953033680e+02
4.114342773057730369e+02
5.002908495751957503e+02
6.080617646176762037e+02
6.514555881559086856e+02
5.769100293403178057e+02
5.150190264062860024e+02
5.492171237656574476e+02
5.939954113890917142e+02
5.660958702501825428e+02
5.223862832251643340e+02
6.028476549026479461e+02
5.938628894123830833e+02
