2.220000000000000000e+02
2.645000000000000000e+02
3.671499999999999773e+02
3.664350000000000023e+02
4.118915000000000077e+02
3.995023500000000354e+02
4.100521150000000148e+02
4.310469035000000417e+02
3.732422131500000546e+02
3.547179918350000776e+02
3.377461926515000528e+02
3.340715733863500532e+02
3.422644160477150876e+02
3.155379744429436073e+02
2.881841769986492636e+02
4.130657592987843145e+02
4.033591833689059172e+02
4.053232650320153425e+02
4.282909385288137969e+02
4.392618446759324229e+02
4.824356602083391863e+02
5.026920941875052904e+02
4.653228847687547614e+02
4.546905962918792738e+02
4.877215366626913351e+02
4.942493829964222414e+02
4.916244446967800172e+02
5.081620002271019985e+02
5.196458002043917759e+02
4.932812201839526551e+02
4.831530981655573669e+02
4.427377883490016188e+02
5.105640095141014854e+02
5.453076085626913709e+02
5.208768477064222679e+02
5.298891629357800639e+02
5.113002466422020689e+02
4.706702219779818961e+02
4.690031997801837633e+02
4.786028798021653756e+02
4.603425918219488722e+02
4.229083326397540077e+02
4.089174993757786183e+02
3.863257494382007735e+02
3.754931744943806962e+02
3.700438570449426834e+02
3.908394713404484264e+02
3.810555242064036179e+02
3.898499717857632731e+02
4.374649746071870027e+02
4.632184771464683308e+02
4.497966294318214864e+02
4.832169664886394003e+02
5.371952698397755057e+02
5.022757428557980006e+02
4.908481685702182062e+02
4.365633517131964254e+02
4.101070165418767601e+02
4.702963148876891069e+02
4.609666833989201677e+02
4.220700150590281510e+02
4.011630135531253813e+02
4.924467121978128716e+02
5.002020409780316186e+02
5.003818368802284340e+02
5.527436531922055565e+02
5.525692878729850008e+02
5.346123590856865349e+02
5.232511231771178473e+02
5.680260108594060284e+02
6.142234097734653915e+02
5.535010687961189433e+02
6.182509619165070944e+02
5.843258657248563850e+02
5.045932791523707124e+02
5.964339512371336696e+02
6.174905561134203253e+02
5.745415005020782928e+02
5.774873504518704976e+02
6.288386154066835161e+02
6.965547538660151758e+02
7.436992784794135787e+02
7.786293506314723345e+02
7.861664155683250783e+02
7.690497740114925591e+02
7.563447966103433373e+02
8.213103169493090263e+02
8.288792852543781464e+02
8.126913567289403773e+02
7.472222210560463509e+02
6.698999989504417272e+02
6.988099990553974976e+02
6.973289991498577365e+02
7.160960992348719856e+02
6.657864893113847984e+02
6.804078403802463981e+02
7.158670563422217583e+02
6.770803507079995143e+02
6.402723156371995401e+02
6.811450840734795520e+02
6.494305756661316309e+02
6.385875180995185474e+02
6.272287662895666926e+02
7.293058896606100916e+02
7.277753006945490597e+02
7.309977706250941765e+02
7.465979935625848611e+02
7.791381942063264887e+02
7.113243747856938626e+02
6.400919373071244536e+02
6.616827435764120082e+02
6.624144692187708188e+02
6.790730222968937824e+02
6.286657200672044610e+02
6.857991480604840717e+02
6.237192332544357214e+02
6.125473099289922629e+02
6.980925789360931049e+02
7.141833210424838398e+02
6.731649889382354104e+02
6.196484900444118011e+02
