-9.871600756446708829e+02
-8.834079639082656286e+02
-7.450117540856551841e+02
-7.249096022998789977e+02
-6.325098573472880616e+02
-6.285167612015339955e+02
-5.853705316614497178e+02
-5.946968230880327155e+02
-5.861131601572172940e+02
-5.905443633818706530e+02
-4.773677655618165545e+02
-4.813444510159168885e+02
-3.572348963673343292e+02
-3.087681423750674412e+02
-1.333923621476322694e+02
-1.269583813220824027e+02
-1.484171265866896476e+02
-2.139521649025358556e+02
-2.256868943260464562e+02
-2.447826201002067421e+02
-2.705656658307801194e+02
-2.409992572202147585e+02
-1.973902253289686541e+02
-2.661410706200613276e+02
-2.388087663188363194e+02
-1.663341666026070413e+02
-1.722790705655555996e+02
5.031618507118002981e+01
-1.987843152548902736e+01
-7.877240620926666281e+01
4.279485778988473612e+02
3.202515831254818295e+02
2.077778522162854529e+02
1.975493924796438421e+02
1.779902196297157104e+02
5.011019449791928082e+01
-3.165736695058334504e+01
-3.663520087203192332e+01
-8.018257305782474020e+01
3.056073137167459208e+01
3.353111017083080014e+01
-1.405941100969589286e+01
-3.996245496276058873e+01
-7.837869672969387125e+01
-1.521905887832104440e+02
-1.503904808989420303e+02
-1.811047129621562135e+02
-1.635839283070334034e+02
-1.470094420341204966e+02
-1.530216419872361371e+02
1.141791925873378375e+02
1.020723896457484159e+02
5.961543313759161578e+01
-8.569854939028843432e+01
-1.487269845519892328e+02
-2.281341938702036316e+02
-2.354695617715232459e+02
-2.117123678562534224e+02
-2.034111988970583411e+02
-1.059593073897486022e+02
1.999226003579387623e+01
-2.360424702781539708e+00
8.209187466663520638e+01
2.525475065528772234e+01
2.763725200786939951e+01
1.268348482884084945e+02
1.845539158935834507e+02
2.486595098149198293e+02
3.074501202122096402e+02
4.090645024209395615e+02
4.569571714305380965e+02
4.499700770711639848e+02
3.952397385877511056e+02
3.753158498887697760e+02
2.323154613023269235e+02
2.140918638247133856e+02
1.493950461348331373e+02
1.160751292751964741e+02
1.562222948343193707e+02
2.151267578046549716e+02
2.703412333229312026e+02
3.315313404421422092e+02
3.480150768707756583e+02
3.364528370366816148e+02
3.091578413388489821e+02
2.187804349522591565e+02
1.954349885470020354e+02
2.536843517544854194e+02
1.959284971697861693e+02
1.028892353220861224e+02
2.045897354145581630e+02
2.270097825120590187e+02
1.560460089696994714e+02
1.587187132236803961e+02
1.524251782884039983e+02
3.723901753182394714e+02
3.353665444135756957e+02
2.418410438650757044e+02
2.181076415524628942e+02
1.576046542526565588e+02
1.417951762499197912e+02
2.530287692594747000e+02
2.278977643833764830e+02
4.657418174475762953e+02
4.794674809880612543e+02
4.245503466163222583e+02
4.049807430540528799e+02
3.560363604081122162e+02
3.206608355481807848e+02
3.452370035067953609e+02
3.025578741006016230e+02
4.050506692088305272e+02
2.881269753254615580e+02
4.504953002383525700e+02
4.742708982021118231e+02
4.228081119036568225e+02
5.018857581752813530e+02
4.203565354043176399e+02
3.580561010092540073e+02
3.177554160463917015e+02
2.336076568192208924e+02
2.135662940081176657e+02
1.837064166500613851e+02
1.701013576449568347e+02
8.349753138831162858e+01
7.539341335276078837e+01
1.951669628180406448e+02
2.108875380803456210e+02
1.655353445992338379e+02
1.443521943914221310e+02
6.998491081605487807e+01
1.713720125562162764e+02
1.476652120914614557e+02
1.367897812100243868e+02
2.005324500049613619e+02
1.995256562868397907e+02
1.918957182286841316e+02
1.229306673152267990e+02
1.177692089763753813e+02
1.518752499149925939e+01
5.593997570095760707e+00
7.140656134915895237e+00
1.249083441590293972e+02
1.521718295133686070e+02
1.458810860073549804e+02
4.648780493711528834e+02
4.180626355050115990e+02
4.193479274669398364e+02
3.232279286606304822e+02
3.450461505103035620e+02
3.245863832314755086e+02
5.141755499723237790e+02
4.507422976693717374e+02
4.485271806217422750e+02
3.482053552307385758e+02
4.235158680422421753e+02
3.971232224900577421e+02
3.356580571026042890e+02
3.158341139832558611e+02
4.323870767268210784e+02
3.896808202317680525e+02
4.857329197896835353e+02
5.986200916669931757e+02
5.844285459998860688e+02
6.577544678034998924e+02
5.163615814079483926e+02
5.562789282752794406e+02
4.957380057012553607e+02
4.417619614220556628e+02
4.598177208778490126e+02
3.536875301937521385e+02
3.559331446038493141e+02
5.890970781290075138e+02
5.285284814555586763e+02
4.856172755224432080e+02
4.498089918700007956e+02
4.139363188696078737e+02
3.718412557471672244e+02
3.396595091385724459e+02
3.318998627230121770e+02
4.059146382185513176e+02
4.990059849142453459e+02
6.014073459158053083e+02
4.968404901938458806e+02
5.587568500567192586e+02
5.260786489951060503e+02
6.224721886327891980e+02
7.475734692669585684e+02
8.340733895490229770e+02
8.908038183453966212e+02
9.220906077123744353e+02
7.399004582552699958e+02
9.085972292628423475e+02
7.617246386276423209e+02
8.086901299207281681e+02
7.604255636362543100e+02
6.870838587611316370e+02
7.348108076240698665e+02
6.384033643109180503e+02
5.714402989058895628e+02
5.138237474191791989e+02
7.873004153279413231e+02
9.051297321441842314e+02
9.155776578425059142e+02
1.038177417146936477e+03
9.889416652282114910e+02
1.017637415879139780e+03
1.192444838533691154e+03
1.243040638696940505e+03
1.070985401994803624e+03
1.071893389961652019e+03
1.157273180882493307e+03
1.150348976129116863e+03
1.194579395112794828e+03
1.430833787134360136e+03
1.563317331674687011e+03
1.404256997513303077e+03
1.270023279626841713e+03
1.210397211196063608e+03
1.170643591896727230e+03
1.032371573692516222e+03
1.070284406834777428e+03
9.720072526386044274e+02
1.148947182709995104e+03
9.375636420057434179e+02
9.632474455780561584e+02
1.031281884554131693e+03
9.239361189699021679e+02
9.074727774607962374e+02
1.042505947100636376e+03
1.128003549407879291e+03
9.587889904636215306e+02
8.159906567861551139e+02
1.078696954498840569e+03
9.769211477191454378e+02
9.902320967541978689e+02
8.666125675670150486e+02
1.243050548015261029e+03
1.197186352671232726e+03
1.006048634427880984e+03
8.540645045482598334e+02
9.696866759579834252e+02
1.079115304958357456e+03
1.155105446908975864e+03
1.224416644505381100e+03
1.319122367651169270e+03
1.296314099328822977e+03
1.057992386937827177e+03
1.097841218841864020e+03
9.895869227147170477e+02
1.055809275171359104e+03
1.083138864113611817e+03
9.257959889144116232e+02
8.249399384934212094e+02
7.570275993229820415e+02
1.001974924774142778e+03
8.373054994739002268e+02
7.445753391878465663e+02
6.822969001141406125e+02
6.133477390823006772e+02
5.822775267723546904e+02
6.009990602932884940e+02
6.555350818539388911e+02
5.840846449811881484e+02
5.241399611872276409e+02
4.619207026634820181e+02
4.299736737841527656e+02
4.633473025067473259e+02
5.538341375541625666e+02
4.652731607498792528e+02
5.476679860716950543e+02
4.493721451196674934e+02
3.895835266369512055e+02
5.398667222466986004e+02
6.767827483012360972e+02
8.379275130671079523e+02
7.252071264403833766e+02
6.529360979225015171e+02
5.878445067813199785e+02
7.455156392937549299e+02
8.280995560335218215e+02
8.222052695965322755e+02
7.535541737070253703e+02
8.380895136490589721e+02
8.456811300667945943e+02
7.496589904902540411e+02
6.327673619934264480e+02
7.784495464135170550e+02
6.807528281777852044e+02
8.569652867440133832e+02
1.013097997219035278e+03
9.766463503696359112e+02
8.251171021968118566e+02
7.510845765336878230e+02
8.276568310405515376e+02
1.024399301586136062e+03
1.014815891755609300e+03
9.121582715144807025e+02
1.057909053543234904e+03
9.318400191116847964e+02
9.485585658148842185e+02
9.860229518883570563e+02
7.800932731345250204e+02
7.022222329338238751e+02
7.954668983520755319e+02
7.746032898547333616e+02
7.922124883308514427e+02
7.038210526718078199e+02
5.766950546572709300e+02
6.814525619364148952e+02
6.074379917924665051e+02
4.917472650705392994e+02
4.316618380382806777e+02
5.683629712326488743e+02
4.649367172574180813e+02
4.878363124813331524e+02
4.643748761838663768e+02
4.181844480124156576e+02
4.690972207264786107e+02
1.022419071996587263e+03
1.081499703968594531e+03
1.009448367308957245e+03
1.167758785936104232e+03
1.090714265544903810e+03
9.580803089818125500e+02
8.118756503447932573e+02
8.034318199212374338e+02
6.260808317439333450e+02
6.222380382359793884e+02
7.336529356905233499e+02
6.569323997143202405e+02
5.789427212212781342e+02
8.309617603650924593e+02
7.723792990902132942e+02
6.664642084775364310e+02
5.752327646446718745e+02
6.244786924138354607e+02
5.622091751835175728e+02
4.901093773660895749e+02
3.630081237869531492e+02
4.750907283003176644e+02
4.397356278248493595e+02
4.051654277490334266e+02
3.472071129617360725e+02
2.648589066082117256e+02
5.832128719754673511e+02
4.931170499407834313e+02
4.853527476093405539e+02
5.268712112062769393e+02
5.772876889762757173e+02
7.407065916451294925e+02
8.906288260798369265e+02
9.603345042276069989e+02
9.804887762512202016e+02
1.024781351842105778e+03
1.117662117110864301e+03
1.217313471943841705e+03
1.314643197779725597e+03
1.318795451054679233e+03
1.148760691421574393e+03
1.420969469328888863e+03
1.228459895003255269e+03
1.173366246036129951e+03
1.059464255065101952e+03
9.501592354421446771e+02
8.181014237651743315e+02
9.661955865246704889e+02
9.153336635252321685e+02
8.301091003210871122e+02
7.027584643503003008e+02
6.957544850532491409e+02
7.141129322929735963e+02
8.356924494599312538e+02
9.182833474370775093e+02
8.248365228019382585e+02
6.970260805135748114e+02
7.302889175674499711e+02
8.373802819483304347e+02
7.416327579223112707e+02
6.168604512154757913e+02
5.643984172932189267e+02
4.954587684698093426e+02
4.572794016524824769e+02
6.173735707830442152e+02
7.770141813921590028e+02
8.486487397051530479e+02
7.045338029040960919e+02
8.099419964027727019e+02
9.947847286723215348e+02
1.057426148246726825e+03
1.226532790514308317e+03
1.368262427546036406e+03
1.326826865165811114e+03
1.190375344925539366e+03
1.082459914491010522e+03
1.114877925993380586e+03
1.078138711469842065e+03
1.146816072703124291e+03
1.041536786902614494e+03
1.077611465902635928e+03
1.193313329847136629e+03
1.158541844463220059e+03
1.042709435096570587e+03
1.127406897974844242e+03
1.010624609191931086e+03
1.188084175707819441e+03
1.134768859946028442e+03
1.024542898261949404e+03
1.037687159489802070e+03
9.512302484917499896e+02
7.263130174404308264e+02
6.480907262881268025e+02
5.725685318350482476e+02
9.897006348414499826e+02
9.062454214153574412e+02
9.328110877036655211e+02
8.226303567640580923e+02
7.410540415749046588e+02
7.307135549832283914e+02
8.335741486668011930e+02
7.536765917679592803e+02
9.239498206816726906e+02
1.301812480595463285e+03
1.669459699107355846e+03
1.955198275284605188e+03
2.197342118320127156e+03
2.089686406899175381e+03
2.065001480916511809e+03
2.241889541919790190e+03
1.968682628803270291e+03
1.866340049023696338e+03
1.678556658985334479e+03
1.618970599309690897e+03
2.024514449235946131e+03
1.766596399508723152e+03
1.919058262691428808e+03
1.706777790632422239e+03
1.482085021187828261e+03
1.774763768751937278e+03
2.226065584510884491e+03
2.046186719087379061e+03
1.837478306542361452e+03
1.592547545898816452e+03
1.476456942225489229e+03
2.241161003623538818e+03
1.960408842534955511e+03
1.710514343145941666e+03
1.640458148427393326e+03
2.421749319643226954e+03
2.453865557554649513e+03
2.831291986694783645e+03
2.541109802291630331e+03
2.286153890340725411e+03
2.535188188475072366e+03
2.273427074260821882e+03
2.059180393648872268e+03
1.838686435831222752e+03
1.648725884026230915e+03
1.440364368753316285e+03
1.470102337803446972e+03
1.330086057646634799e+03
1.279753745149639371e+03
1.213312445794172618e+03
1.202721682867971140e+03
1.555952811122231196e+03
1.488141463129808471e+03
1.327908966084044550e+03
1.517294066182748793e+03
1.684397142179261664e+03
1.528580521138673703e+03
1.763818924529235574e+03
2.048942845034787297e+03
2.064870958268385039e+03
2.241714238002611182e+03
1.950062728469048807e+03
2.812081796406889225e+03
2.532258740151998154e+03
2.284688817305509474e+03
2.056994547090045216e+03
2.396975708241623579e+03
2.160854662986163021e+03
2.167085562871697675e+03
2.382103954426484506e+03
2.146698437724362520e+03
3.076649832472692651e+03
2.750404628458914431e+03
2.475610994637095246e+03
2.371043710723846743e+03
2.985019147430583871e+03
2.629505958266781363e+03
2.315060619052093443e+03
2.045541705790049946e+03
1.937595933580825658e+03
1.746363359955859551e+03
2.067012249206152319e+03
2.266692342614549943e+03
2.047387842310866063e+03
1.815879147088297032e+03
1.731722913644210848e+03
2.059706650920042648e+03
2.490985589970940509e+03
2.340317313681770884e+03
2.123500176244006980e+03
1.902963962694802376e+03
2.716994673313532530e+03
2.531512640339714835e+03
2.331570621312620460e+03
3.208970823889494568e+03
2.874786424440310384e+03
2.675089231309834759e+03
3.175812409147996732e+03
2.861162153637749270e+03
2.591151842179583127e+03
2.343190453036410872e+03
2.247961063838352402e+03
3.228470589767712227e+03
2.829024361008901451e+03
2.716355696094246014e+03
2.623402811205894523e+03
2.269024574662183113e+03
2.036213544779383483e+03
1.856532339748285267e+03
1.620847055470182340e+03
1.509383109085808655e+03
1.414570188560161114e+03
1.197223601131131772e+03
1.127552967100751630e+03
1.498661016414699361e+03
2.227998516801283131e+03
2.749909419326701482e+03
2.852963764417384027e+03
2.558676858140694094e+03
2.475961772308169202e+03
2.280524459620592097e+03
2.173503257042988025e+03
2.036211288991412403e+03
1.933463116597870567e+03
1.764443518265695275e+03
1.604508404045726820e+03
1.960541796099597377e+03
1.841243889891957451e+03
1.743115427095384121e+03
1.805374144203351989e+03
1.870259727461532975e+03
1.945194667759962613e+03
1.827936787337322357e+03
1.844520089106498290e+03
1.650312398461484236e+03
2.331169765855656806e+03
2.104648238760489676e+03
1.976956727586765510e+03
1.878641574924478164e+03
1.865856468944000198e+03
1.624201374374100396e+03
1.791468937749378483e+03
1.901336371066267930e+03
2.142753814815717760e+03
1.897232189082469631e+03
1.950647085701986953e+03
2.142872359283396690e+03
1.938660901080710346e+03
1.719833107255981758e+03
1.466177923454187066e+03
1.383732423271516836e+03
1.249761759843677282e+03
1.370094814740515403e+03
1.274565103512750966e+03
2.217288359654001852e+03
3.047960836927509263e+03
2.893066922050150424e+03
2.668215720893104390e+03
2.345770796875011911e+03
3.031048062359811865e+03
2.727304302609537899e+03
2.888793353166404358e+03
2.558228310141056227e+03
2.197434912406990861e+03
2.416974616610843896e+03
3.249330236719365530e+03
3.191017424640615445e+03
2.940725885207817100e+03
2.828516194366700802e+03
2.547988719891463461e+03
2.380787885960706717e+03
2.199152240471892128e+03
2.227076649777737202e+03
2.087808989060954445e+03
1.861876520177360135e+03
1.693787458754536601e+03
2.288028509028244116e+03
2.057534170830009771e+03
2.187811693948658103e+03
2.318749468021606390e+03
2.091820513620794827e+03
2.218142830137192504e+03
1.986517326770136378e+03
1.802049956278177660e+03
1.709262124511792308e+03
2.293140108200882423e+03
2.057049124105019473e+03
1.854180101536090660e+03
1.667206719382392521e+03
1.572073733399226739e+03
1.422706197093484434e+03
1.292847683430470624e+03
1.349277196350075883e+03
1.190219580168128687e+03
1.195996226044585910e+03
1.038447105162148318e+03
9.348458000515289541e+02
1.115543627535957285e+03
1.218502122923392562e+03
1.465807145470826072e+03
1.511771259402938085e+03
1.675372581203188247e+03
1.605554258652501176e+03
2.616439153136081586e+03
2.363878672725953038e+03
3.477065795376037386e+03
3.105145482061198891e+03
2.875686204295349853e+03
3.134333255626950177e+03
2.746635709148422393e+03
2.442684726877748744e+03
2.322299238377243455e+03
2.141010285658345765e+03
2.161503839358816549e+03
2.358254309904179081e+03
2.241305971534168748e+03
2.599332243659460801e+03
2.286123598114444121e+03
2.412875636432961073e+03
2.437694754308195570e+03
2.387823722810081563e+03
2.517860777156610766e+03
2.269073157884772627e+03
2.986744371659241551e+03
2.788161877050271414e+03
2.535903176798519780e+03
2.348535622993373636e+03
2.100223102661173471e+03
2.244488102873359821e+03
2.020459247255447281e+03
1.760215996136748572e+03
1.571885987084544013e+03
1.431527776784907473e+03
1.269807517974568782e+03
1.129056412634431808e+03
1.597474974830176052e+03
1.395722359609924752e+03
1.689739637366213856e+03
1.764276003375594655e+03
1.595576461610127581e+03
1.420667358897034546e+03
1.901907617319222709e+03
2.809046097792203000e+03
2.509190676797553806e+03
2.940579526793108926e+03
2.976846274637389342e+03
2.780148905339329303e+03
2.512594625992159763e+03
3.273845752212200750e+03
3.601672210123832429e+03
3.881470368901299935e+03
3.634902812494165119e+03
3.273654152363635149e+03
3.534921074346757450e+03
3.546111990632280140e+03
3.997981668777512368e+03
3.595109398302317913e+03
3.235475303635564160e+03
3.676637986780866413e+03
3.940269993898510620e+03
4.474307706871622031e+03
4.822167760603733768e+03
4.662500425824970989e+03
4.962867838457403195e+03
4.469317914534256488e+03
4.395278388481518959e+03
4.737126610726442777e+03
4.216804848351134751e+03
3.811131867787902593e+03
3.415458149784529269e+03
3.395964954080184270e+03
3.317389090795387347e+03
3.286805014871693857e+03
4.399452390908450980e+03
4.156710786498496418e+03
3.761831277739981488e+03
3.672939935620880533e+03
3.229672284426829719e+03
3.075136529469900779e+03
2.765045941097526793e+03
2.381576778006717177e+03
3.138534957144329837e+03
2.904086979949718170e+03
2.776693781796494477e+03
2.504354349119090784e+03
2.452440609752146884e+03
2.466936050109964071e+03
2.339555927657188931e+03
2.113911564239105246e+03
1.930042096003968709e+03
1.790880276223703959e+03
1.974017365887386404e+03
1.832778051838802185e+03
2.383525792515755256e+03
2.450145531400364689e+03
2.205303130728583710e+03
1.999174260837229895e+03
1.910630082645408038e+03
2.089784542175445949e+03
1.880076344901142420e+03
2.373289955289159479e+03
2.141578498309800580e+03
1.944331351895839134e+03
2.016429621893181775e+03
3.030235235336035657e+03
3.023529610190241328e+03
2.669650676151482912e+03
3.850906176245123788e+03
3.479406511734256128e+03
3.391289497488637608e+03
3.297382926269131985e+03
2.964521595571143735e+03
2.924064163620530053e+03
2.639408902548894275e+03
2.370038236132108068e+03
2.458359726147690253e+03
2.216136867970830281e+03
1.994742607173912575e+03
2.121692521263103117e+03
1.859060795942703862e+03
2.003258412142428597e+03
2.151040151166293981e+03
1.908837344294127433e+03
1.700040110784646004e+03
1.782012532617155784e+03
1.675407490701859842e+03
1.498037284071473096e+03
1.488821720708927160e+03
1.323936870337122400e+03
1.401085932667180714e+03
2.002868622470445189e+03
1.991524340895045043e+03
1.979471238635795089e+03
1.860804192793296579e+03
1.630572937230283515e+03
1.532873672139462087e+03
2.006345383756525280e+03
2.201167327104152264e+03
1.956017618413249693e+03
1.778497608885050340e+03
1.684025455076914341e+03
1.543492657067603432e+03
2.538591602377388881e+03
2.585381004680779370e+03
2.395784717421651294e+03
3.425957285194583164e+03
3.064885597173962196e+03
3.213796530123731827e+03
2.912858650769462201e+03
2.761718520780505060e+03
3.229346032743612341e+03
2.943387862286718246e+03
2.831965756736769436e+03
2.966469517079698562e+03
3.004381525764244088e+03
3.096457699372464504e+03
3.151649020495267450e+03
3.450930550329101607e+03
3.347781336559300144e+03
3.015929846906771672e+03
2.680888112373362219e+03
2.340533023262835741e+03
2.054620192836620390e+03
2.277636356362767856e+03
2.653479621257069539e+03
2.823872247458455149e+03
2.541932009329378161e+03
2.271150619810347507e+03
2.123771376259591761e+03
1.994647423795984196e+03
1.789038699774219822e+03
1.710449763875496274e+03
2.861578531057975852e+03
2.959055782304472359e+03
4.077176551854066474e+03
3.682124705008625369e+03
3.400426090878704144e+03
3.131057078493886365e+03
2.884489715239632460e+03
2.596211131946939531e+03
3.363971781702077806e+03
3.308659275968136171e+03
4.059054545474345105e+03
3.585402567003151489e+03
3.206166043309086035e+03
2.885767751922745902e+03
2.607518908075353011e+03
2.401070987132506616e+03
2.096890556798586658e+03
2.527661527971897158e+03
2.338305005761723351e+03
2.095159242884016294e+03
2.649819031820855798e+03
2.843021121120163116e+03
2.550124241814139168e+03
2.363458542388523256e+03
2.272683052945949385e+03
2.728383098132078430e+03
2.611398270634925211e+03
2.489418052516056832e+03
2.389943670081983328e+03
3.089236086063128823e+03
2.801879982182557342e+03
2.533641199845374103e+03
2.411329859057361318e+03
3.682246149275070820e+03
3.369190750478959671e+03
3.127279831895340976e+03
2.831968650484774116e+03
4.048781052380300025e+03
3.979936391972474667e+03
3.520135177538993958e+03
3.409839827543956744e+03
3.924843268986989187e+03
4.736102406079719003e+03
5.083308732180958032e+03
5.161873401461295543e+03
4.732192453986093824e+03
4.331270334392190307e+03
3.948405740643188437e+03
4.006777859935491506e+03
3.755241726919724897e+03
4.678389812490865552e+03
4.368107162177058854e+03
4.060891504960220573e+03
5.113091631747312022e+03
4.603109193775439962e+03
4.139768839720123651e+03
3.858329298005120563e+03
3.403943981618599537e+03
4.361790639477590958e+03
3.929089612395494441e+03
3.566599564005851789e+03
3.456338426278982752e+03
4.626399781182366496e+03
4.346813965463917157e+03
3.900920026885713469e+03
3.836027945160328727e+03
3.618070458755958043e+03
4.026080485879730986e+03
4.103837992663303339e+03
3.780236876289735847e+03
4.808537219444109724e+03
4.214119285042809679e+03
3.766676135827585767e+03
3.555082377347503552e+03
3.226223227986038637e+03
2.858228914219720536e+03
2.643333447703918864e+03
3.672497322514962434e+03
3.619003436139106270e+03
3.589500701107813256e+03
3.827582392896118563e+03
3.483994224753173512e+03
3.331216380085952096e+03
3.014953269462600929e+03
2.691202821833424878e+03
2.514808997190871651e+03
3.272657971365097183e+03
3.020539236133045051e+03
4.410374897994617641e+03
5.008808731588586852e+03
4.585679301952098285e+03
4.146301199904565692e+03
3.721842370917692733e+03
3.345736141535880051e+03
3.010335723141920425e+03
3.044008600784167356e+03
2.867582984299563577e+03
2.756979907427642956e+03
2.478207951245235108e+03
3.986914473579599871e+03
3.619149505334616606e+03
4.923348484765427202e+03
4.623203337059131627e+03
4.287767465344441916e+03
3.863884209852758431e+03
3.582927799871940806e+03
3.338046027756174226e+03
4.189819414909192346e+03
4.283563801134293499e+03
4.209622127196137626e+03
4.128194205183497616e+03
3.939985353840551397e+03
4.027104659206933320e+03
3.604458665023691083e+03
3.377695368105202760e+03
3.917265804851688699e+03
3.739576726111436983e+03
3.344022273580470483e+03
3.958790359866356084e+03
4.481858791329022097e+03
4.994701462110811917e+03
5.872725189097430302e+03
5.598855418795388687e+03
6.667920744545691377e+03
7.703720460492138955e+03
7.358952501494053649e+03
6.692594899468847871e+03
7.194247121011998388e+03
6.801177484062778603e+03
6.070963598609243491e+03
5.625879841682571168e+03
5.064364619330581263e+03
4.629451319421865264e+03
5.633016730708406612e+03
5.197830522553686933e+03
4.845266426593715551e+03
4.812733245300129056e+03
4.428591292980839171e+03
3.980684914801268860e+03
3.726006857069204216e+03
3.463727931312960209e+03
3.173384161788115307e+03
2.859690541035837668e+03
2.652875094670090220e+03
2.461562167892177513e+03
2.299179720120567254e+03
2.085470065473685736e+03
1.862888151525610510e+03
1.754657120656042025e+03
3.114401277179128101e+03
2.763614869366582752e+03
2.497515710132057393e+03
2.557375902008165212e+03
2.301733817345086663e+03
2.091325535388649314e+03
2.081935150246956709e+03
2.432612853067550532e+03
2.605628069929979574e+03
2.603883972427159733e+03
2.814397757443373393e+03
2.588058437345386665e+03
2.508111341875116523e+03
2.184217867434300842e+03
2.765189900370313808e+03
2.501212730528450265e+03
3.531609996516966476e+03
3.745112353577456815e+03
3.339532011548824357e+03
3.898389915217458110e+03
3.389623126816397871e+03
3.102985028660718854e+03
2.767966901399094240e+03
2.462152196140285014e+03
2.230176338181277970e+03
2.070380559709205045e+03
2.046704485975555372e+03
1.965917962715782323e+03
2.334653854527326075e+03
2.206616374410320532e+03
1.984270380654901601e+03
1.783128738343569012e+03
1.582492616741665643e+03
1.426101984511373985e+03
2.548596202045348036e+03
2.353439195190734154e+03
2.127530888284686171e+03
2.603176873026955946e+03
2.445097468974231106e+03
3.055195374538564920e+03
2.835468171986501602e+03
2.752696043985717552e+03
2.470017977545860958e+03
3.386493131766754232e+03
3.378108708463601033e+03
2.989198115446791235e+03
2.641412839996196908e+03
2.377743521868429980e+03
2.087415788428769702e+03
1.865444106511297605e+03
2.654650312958385257e+03
2.347870186796409143e+03
2.221142126686514985e+03
2.012212927594041730e+03
1.986375865062806497e+03
1.777987790359504970e+03
1.659185023393529491e+03
1.556393357061523375e+03
1.613424829205208653e+03
1.809397315943188232e+03
1.680789772617238896e+03
2.622803892080088190e+03
2.558584751115291965e+03
2.246516812194216527e+03
2.017307190254103944e+03
2.706208670339895434e+03
2.444482268226754968e+03
2.391224147764099143e+03
3.260630311408296620e+03
2.989871424016605943e+03
3.645249076861842696e+03
3.619651780610460719e+03
3.404678153918517637e+03
3.207810085785912634e+03
4.350179371847155380e+03
3.929723148789408242e+03
3.640416721320639226e+03
3.399629947715812250e+03
3.339669651495375092e+03
3.308236652379294355e+03
3.588925243840534222e+03
4.510846999011108892e+03
4.137388185837781748e+03
3.915470646817750549e+03
3.690967569599665239e+03
3.272017701867128380e+03
3.395442788161700719e+03
3.126118999303460441e+03
4.164650174475083986e+03
3.759089808637012993e+03
3.573155435413192208e+03
3.370087753795023218e+03
3.229436611896427166e+03
2.909639881587829677e+03
2.769638456141856295e+03
3.002452245535924703e+03
4.043527769962428010e+03
4.549160265648338282e+03
4.098632119930338376e+03
3.824521233827939341e+03
3.513101794227181927e+03
3.192233215660887709e+03
2.888334104753650081e+03
2.548971300122016601e+03
3.413070874629879654e+03
3.989725649363392222e+03
3.617443281986056263e+03
4.115226674437223664e+03
4.289235701210479419e+03
3.757829125069669317e+03
3.449275030824602709e+03
3.106341271853546914e+03
3.044031498729520536e+03
2.736579497627065393e+03
2.546594127342896627e+03
2.480648656803700760e+03
2.162674453271817129e+03
2.173606017285545477e+03
1.946456148910231832e+03
1.797777196051022884e+03
1.729293989847595412e+03
1.568674918173321430e+03
1.596774298975026113e+03
1.556446545686809259e+03
1.889729556356297053e+03
1.773946422810520289e+03
1.596545196620159004e+03
2.051620367008280937e+03
1.889328219311565363e+03
1.822438004251207758e+03
1.796659419478116888e+03
1.854741512806412175e+03
1.803614687030313462e+03
2.800706596297407032e+03
2.599635117036606061e+03
2.383854627599166633e+03
2.089448933386327099e+03
1.950845189657137780e+03
1.919872590677126027e+03
1.798052050612655421e+03
2.892740996821551562e+03
2.692091490928915391e+03
2.540182734413981052e+03
2.250975695756790174e+03
2.255005604339951788e+03
1.978308954245522500e+03
1.783688434327594223e+03
3.223678198743760731e+03
3.524972906587009220e+03
3.164185396375326491e+03
2.996561638889141250e+03
2.750799596962872783e+03
2.524638784860676878e+03
2.531053017408798951e+03
2.343973737940018054e+03
2.981259925797973210e+03
2.971387489598213506e+03
2.629753011599183992e+03
4.091703065714862987e+03
3.925511658604777040e+03
3.558661967743985770e+03
3.465184644464659868e+03
3.390946842663431653e+03
4.189358356643200750e+03
3.846371205812491553e+03
3.365390822615007892e+03
3.041373045661156993e+03
2.731715770916115616e+03
4.123816881420783830e+03
4.818819065252115251e+03
5.702197923405701658e+03
5.543636171454849318e+03
4.992678634391038031e+03
4.619725967032637527e+03
4.191409980487667781e+03
4.006084575210966705e+03
3.603782523001538266e+03
4.598477388590084047e+03
4.391114144368920279e+03
5.137978901241759559e+03
5.169697345601983216e+03
5.921798198374151070e+03
5.504075672861735256e+03
5.039586135053688849e+03
4.631294237108966627e+03
4.256095031328893128e+03
3.946817386366811206e+03
3.558015922983808650e+03
3.318852641800061065e+03
2.996060448285096300e+03
2.897173560930353688e+03
2.686667913247540127e+03
2.348134174279387025e+03
2.058975489918252606e+03
1.773012806787557793e+03
1.597408982623058137e+03
1.452547817521091474e+03
1.408539418992839956e+03
1.258375965249679211e+03
1.457727100872424899e+03
1.320554948100421825e+03
1.654285627949771879e+03
3.110560573652031962e+03
3.770196922875917153e+03
3.411994105548867992e+03
3.077687684955333680e+03
2.737129995506947125e+03
2.671679419457049335e+03
2.807249649758444320e+03
2.751488334181463415e+03
2.819070100402907883e+03
2.532849731327835798e+03
2.240846641731245199e+03
2.352594098281960214e+03
3.654199081286732508e+03
3.387279603214345570e+03
4.670652562554596443e+03
4.156787572700423880e+03
5.130979069532533686e+03
4.749385493795522052e+03
5.716941590047526915e+03
5.419084309914932419e+03
4.965977427124092173e+03
4.619857755665265358e+03
4.342933862057907390e+03
4.083697999297531169e+03
4.159664205922666952e+03
3.745014827955210876e+03
3.292620710222155139e+03
4.080844207539737454e+03
3.853061790007248419e+03
3.443433009173319078e+03
3.348016665537598783e+03
3.196572690586207955e+03
2.834020463835014198e+03
3.819170902906607807e+03
3.660682313097170208e+03
4.698137842893931520e+03
5.338062373884580666e+03
4.804448509708013262e+03
5.299750901878265722e+03
5.565742290147266431e+03
5.113500039934386223e+03
5.866834512443270796e+03
5.289192269770818712e+03
6.326126062813134922e+03
5.801204691976015056e+03
5.241508069444370449e+03
4.865081484828559951e+03
4.250179529346733943e+03
3.963341572410566187e+03
3.822192460542374192e+03
3.497364705441809747e+03
4.484056096306676409e+03
5.237234272671519648e+03
5.649034524737164247e+03
5.354242806673256382e+03
5.116278706186259114e+03
5.778187751380600275e+03
5.383411578591013495e+03
6.075308532754569569e+03
7.039484412726051232e+03
6.604499398002072667e+03
7.131342861917533810e+03
6.714456240769964097e+03
7.573612649534761658e+03
7.925318118130892799e+03
7.259942581067398351e+03
7.415843803636704251e+03
7.818808831608377659e+03
7.193260802353373947e+03
7.989621176207458120e+03
7.109783485861150439e+03
7.520117581440621507e+03
7.020774103578930408e+03
6.400636638896819022e+03
6.222688010313136147e+03
5.601956278236506478e+03
5.991373674093657428e+03
5.388366688268974940e+03
6.206394203425457818e+03
6.457936757631712680e+03
5.830183363607478896e+03
6.650098587503000090e+03
5.917487024539813319e+03
5.352913884712274012e+03
5.949468860081768071e+03
6.586455322033211814e+03
7.145835955649883545e+03
8.041244146989639376e+03
7.543852647086142497e+03
6.916346316409239989e+03
6.167908354140095071e+03
7.186439038864517897e+03
6.473921796507215731e+03
7.242108659794736923e+03
7.663307761348532949e+03
6.897195000262155190e+03
7.602698873570325304e+03
6.832604369897143442e+03
6.147728150150635884e+03
5.485560231907728848e+03
6.430406386988542181e+03
7.180549386231680728e+03
6.403140861244048210e+03
5.811121732855885057e+03
5.495802270844157647e+03
5.807988982170501004e+03
6.575243632487549803e+03
7.138629063907686032e+03
6.480069100488951335e+03
5.917921569371593250e+03
5.230526739434700175e+03
5.819627979870966556e+03
6.516377236928896309e+03
5.914224882435725704e+03
6.302701672364350088e+03
5.669206694901578885e+03
5.045424240631475186e+03
4.667767584747873116e+03
4.559840570912931980e+03
5.658178187420326140e+03
6.085549005932274667e+03
6.566584723814596146e+03
5.905797808611336222e+03
5.384462779795007009e+03
4.848048434905392241e+03
4.301743773721713296e+03
5.096954241497503062e+03
4.599412022156188868e+03
4.589741162669704863e+03
5.336010850743308765e+03
4.939537405466244309e+03
5.324360202401637252e+03
5.435299618753648247e+03
6.656584752313701756e+03
6.883516961878953225e+03
6.512349372197113553e+03
6.355232559937156111e+03
5.786114282704873403e+03
5.624909916841563245e+03
5.075153002489212668e+03
4.540781104004278859e+03
4.826290114834673659e+03
4.300987760012281797e+03
4.199013728737706515e+03
3.882848216291889912e+03
3.486241407571375476e+03
3.148620138235296508e+03
2.800043916332141634e+03
2.966650951147216347e+03
3.912561164839818957e+03
4.797923943271071948e+03
5.948744987257076900e+03
6.555568890308193659e+03
6.016665116537519680e+03
5.414320085191888211e+03
6.021099494250271164e+03
5.551572808529628674e+03
6.288704210923163373e+03
5.799156370833393339e+03
5.523297516051229650e+03
4.940645992921015022e+03
5.815252950900879114e+03
6.322047440629961784e+03
6.006821279376038547e+03
5.542493375708656458e+03
6.330656877466088190e+03
7.318288816354353912e+03
7.664574414706573407e+03
7.014570278822998262e+03
7.557008068733817709e+03
7.919308339566707218e+03
8.424398416791273121e+03
7.782360537488957561e+03
7.004632522136004809e+03
7.535535233020483247e+03
8.089606825628871775e+03
7.974145517021975138e+03
7.326474683346285019e+03
7.782800504669637121e+03
6.966252095361734973e+03
7.972908439119392824e+03
8.582773618783419806e+03
7.716109332749490932e+03
6.938232521849840850e+03
7.534054468702236591e+03
8.134090642207532255e+03
7.567380600334589872e+03
7.030981146964495565e+03
6.777289324454802227e+03
7.278992856349988870e+03
6.622229256272736166e+03
6.997920652064603928e+03
6.571553816390868633e+03
5.993842173923924747e+03
5.498528405877265868e+03
6.172343668124093711e+03
5.591156463314449866e+03
6.467376790960142898e+03
5.832651423702563079e+03
6.514958961038397319e+03
7.127743471928327381e+03
6.364054482730653035e+03
6.453725865415326552e+03
6.004023178967963759e+03
5.434847330104844332e+03
5.071665656156480509e+03
4.573588271407539651e+03
4.043486260440155093e+03
4.901029079664043820e+03
4.419076588592697590e+03
4.289926069952976832e+03
4.776089043778997620e+03
4.321315140241332301e+03
3.953389146002616599e+03
3.570209446371658487e+03
3.312418426188161902e+03
3.060963918968073358e+03
2.801903694724806883e+03
2.468981648785023935e+03
2.277626881932527795e+03
2.234435630065955593e+03
2.015900269267868907e+03
1.814553752838830860e+03
2.460567975984366058e+03
2.457989861960009421e+03
3.348170471700113922e+03
4.060462570586135371e+03
3.666281754290462686e+03
3.297888953546133962e+03
4.086890167953822129e+03
4.721957031601816198e+03
5.131640225592336719e+03
4.563756027070424352e+03
5.304692809924951689e+03
4.856473809695096861e+03
5.165273736343806377e+03
5.855222925873806162e+03
6.484844175499549237e+03
5.895542627649668248e+03
6.472780182149364919e+03
6.839876264464628548e+03
6.385141793071300526e+03
5.743769830716724755e+03
5.240900470358258644e+03
4.707945758982434199e+03
4.365814144202379794e+03
5.107432954191274803e+03
4.596902930653723161e+03
4.139350422428316051e+03
3.761970835189759782e+03
4.243214944190377537e+03
3.831681457222535755e+03
4.703770364199099276e+03
4.126156553956692733e+03
4.036942521609123105e+03
4.334190841219063259e+03
3.952337926622976738e+03
3.546400695274331611e+03
3.654284328426141201e+03
3.380399842024402915e+03
4.297682955898757427e+03
3.831848934473628560e+03
4.485705067996819707e+03
5.436238970901677021e+03
4.984780489277677589e+03
5.340213464066908273e+03
4.925758595038503699e+03
4.441194192431426927e+03
4.077564608753822085e+03
3.623066659893976066e+03
3.667963720596246731e+03
4.413795989930369615e+03
4.998308865324239378e+03
4.551718020620069183e+03
4.044962853877517318e+03
3.633540671473459042e+03
3.300817649427206561e+03
3.047209601376924638e+03
2.800178982789128895e+03
2.522820117001604558e+03
2.505182893918852187e+03
2.265876715450145184e+03
1.975206023922547956e+03
1.783712929472982523e+03
2.440042034677907850e+03
2.671794826591344645e+03
3.208335599948271920e+03
2.896584734352874420e+03
3.831923213006711649e+03
3.443279655951601399e+03
3.482236608899389012e+03
3.144455235530278060e+03
2.841429089622803076e+03
2.504065782673580543e+03
3.729602708927453477e+03
4.251623261667558836e+03
5.060080730285264508e+03
4.565212662693958009e+03
4.173582306560409961e+03
3.898389043847094854e+03
3.474077665458135925e+03
3.163956934249653386e+03
3.957893934553169402e+03
4.581707620342946939e+03
4.073764971606564359e+03
3.618097501782785912e+03
4.533945061210931271e+03
4.099323731804253839e+03
3.912825048846397749e+03
3.896879445133266472e+03
3.862603040530259477e+03
3.545815817218443044e+03
3.205363864233410368e+03
3.934104210397189490e+03
3.548649872055881133e+03
3.210953116888216300e+03
2.900721763336205186e+03
4.109277129904995491e+03
3.916044253138823933e+03
4.705262718382447929e+03
4.448788041556837925e+03
4.250200988168692675e+03
3.773000746486143271e+03
3.385898119606368709e+03
3.186375274169207387e+03
3.218643944876732348e+03
2.968253185306569321e+03
3.806963662508823290e+03
3.440562471763439135e+03
3.179505943514244336e+03
2.852651897045971054e+03
2.551722203758088654e+03
2.348687573340966537e+03
2.183962316913977247e+03
2.041998927183783962e+03
1.912507072742206446e+03
1.779696549321176235e+03
2.037455593514611337e+03
2.993889353420712723e+03
2.689627419883134735e+03
2.474333321116302159e+03
2.222441662030809312e+03
3.131136654234765501e+03
2.825153242991772458e+03
2.521824211321731127e+03
2.336751121688883813e+03
2.157808075742419078e+03
2.121414882927328108e+03
1.899468450449087186e+03
3.286497676386600688e+03
4.067830749548986205e+03
4.868720662766418172e+03
4.987407872026226869e+03
4.596026199169023130e+03
4.221595570972065616e+03
4.823883984001622593e+03
4.438717780988470622e+03
4.031706543315781801e+03
4.755942475412015483e+03
4.361800364227090540e+03
3.934177693113843816e+03
3.531004592140031036e+03
3.581431639923175680e+03
3.192871907899781945e+03
3.780414730201364819e+03
3.305151923132625598e+03
2.976503698825277297e+03
2.679037744172636849e+03
2.439925526870925751e+03
2.145751105505214582e+03
1.888480476718011005e+03
1.798022927147097562e+03
1.618413700048574356e+03
2.139410450051788757e+03
1.924133898172241970e+03
2.087507977157674759e+03
2.201947035213852359e+03
2.114554673825098689e+03
2.210242156635739775e+03
2.121167787797638539e+03
2.189966774240477207e+03
1.886855312290881102e+03
1.712270327914263817e+03
1.500469551015043635e+03
1.351362334241021927e+03
1.232081513301435962e+03
1.121808294041589534e+03
1.007907649915420393e+03
1.102084361056787202e+03
1.197218703306455836e+03
1.076574812927621679e+03
1.117217783715661199e+03
1.299502506136955844e+03
1.229925078798785080e+03
1.108839381116856885e+03
1.000467544046601802e+03
2.001434614157370333e+03
2.788187089161240237e+03
3.776907485047334376e+03
4.031526694684449467e+03
3.658868994832174394e+03
3.326825777065521379e+03
4.162675633472508707e+03
3.797812329166712516e+03
3.418208572475592973e+03
3.918652534114839455e+03
3.647681808820853803e+03
4.071454428581972934e+03
3.738746006516622856e+03
3.360024288673851515e+03
3.173131283414184963e+03
2.765926424552865228e+03
3.228496040050745250e+03
3.777209031143496759e+03
4.590445084095636048e+03
4.510450111818151527e+03
4.218996094844976142e+03
4.784713855760147453e+03
4.429943472465659397e+03
3.990486050143895682e+03
3.578420862981918162e+03
3.201785665835377586e+03
2.883890631664425655e+03
3.152208774776896917e+03
3.236256936558597772e+03
2.837410814797439343e+03
2.553844512783626669e+03
3.021570170891950966e+03
3.904644766820242239e+03
4.425945647329370331e+03
3.983522715799288108e+03
3.846632059433563882e+03
4.418387003931610707e+03
3.989821911014817942e+03
3.866186985342668322e+03
3.448639326867633827e+03
3.804377573025215042e+03
4.739973368182917511e+03
5.708452379777936585e+03
5.863677379809076228e+03
6.323255485692317052e+03
7.175133266117247331e+03
6.614135598669004139e+03
6.839445237028048723e+03
7.277403128520427344e+03
6.546142772484146008e+03
5.851711374089933088e+03
5.609645339577327832e+03
5.039167976431049283e+03
4.941766344096561625e+03
4.447767258323215174e+03
4.779602720231834610e+03
5.410533470518625109e+03
5.004649912489705457e+03
4.689289937054525581e+03
4.199540537343244068e+03
4.449502383108869253e+03
4.686626958383552846e+03
4.239091856359283156e+03
3.826853358077372377e+03
4.210037606164282806e+03
5.322770841149269472e+03
4.790232995375454266e+03
4.447797469316234128e+03
4.436902412643388743e+03
4.062202514121532204e+03
3.940392114223595399e+03
3.546602930567737985e+03
3.205321280372501406e+03
3.573862406204888430e+03
4.317040498272377590e+03
4.062521546594118263e+03
4.160179310637130584e+03
3.904678201552898372e+03
4.670353602541302280e+03
4.200403047277496626e+03
3.764968117086546044e+03
3.392947631787721093e+03
3.148850018873818044e+03
2.874034328055962760e+03
2.584525153867219160e+03
2.456792018979906061e+03
2.222365659780692567e+03
2.069526089758638591e+03
2.707357361610268526e+03
2.378836596597172957e+03
2.251562747781816142e+03
1.985177175120652691e+03
1.918827905401950829e+03
1.736357949334724026e+03
2.740304305904834109e+03
2.578490650717433709e+03
3.840013281419641316e+03
3.456200243444088301e+03
3.340372095100309707e+03
3.833599857464655543e+03
4.909251187738424051e+03
5.465679832749493471e+03
6.201550730728873532e+03
6.738520634352977140e+03
6.139864966014845777e+03
5.497721631211359636e+03
6.157332607025626203e+03
5.546417420273606695e+03
6.677099790683897481e+03
7.166539574177792019e+03
6.422255025346847106e+03
7.038037247473986099e+03
6.340603803351877104e+03
6.913708009665765530e+03
7.290130389901612034e+03
6.714373275321335313e+03
7.427194073327000297e+03
6.663680808546123444e+03
5.913610839935415243e+03
6.789713615879818462e+03
6.162489208478176806e+03
6.927259229258377673e+03
6.244892565344620380e+03
6.535850182813342144e+03
6.505878967127697251e+03
6.700056648422013495e+03
6.038849765790974743e+03
5.437357231133504683e+03
5.021123024393245032e+03
4.729716869395490903e+03
4.678119530685473364e+03
5.147878986002177953e+03
4.712876198770628434e+03
4.393080520366430392e+03
4.029406213165989811e+03
3.641330532156160189e+03
3.464800430993788723e+03
3.239888097909714816e+03
4.070333000326160345e+03
3.718045472362821329e+03
3.513970767382202212e+03
3.135423769420142889e+03
2.977221801781093291e+03
2.733767663001428900e+03
2.431200925037604065e+03
2.192971073849192180e+03
2.166855153545328449e+03
1.949399491446976299e+03
1.928157894455205906e+03
1.745850039644036542e+03
1.622865083031598033e+03
1.628365860425580195e+03
1.521306998423777713e+03
1.330855868618919658e+03
1.140890779730073518e+03
1.162269396728247102e+03
1.055721055211027306e+03
1.089828967190668891e+03
8.787753785822743566e+02
7.323699524124124309e+02
6.490169974997716054e+02
5.349561928188196589e+02
4.935667075253384724e+02
4.566973103791177095e+02
3.241667709003650089e+02
2.994810136079530594e+02
2.811289815476348508e+02
2.017201395666744759e+02
1.425104447343823324e+02
4.953541256286503369e+01
7.375597801094052386e+00
-5.290285297333599601e+01
-1.211415777700740080e+02
4.906018343597722833e+02
5.826929601925653515e+02
5.150449846134141580e+02
4.537587348215269571e+02
4.444719331363646688e+02
4.169391549432490933e+02
4.952647691733501460e+02
4.862875136786209396e+02
4.409355914551343290e+02
8.324927676438815070e+02
7.494154139833665340e+02
6.833647737436662055e+02
5.826245018977060681e+02
6.215657672591310074e+02
5.552573395504824703e+02
4.300350602608962163e+02
5.788876410777040746e+02
4.898006745542830913e+02
4.915005134908514606e+02
5.105352789525089747e+02
4.951575381479246403e+02
1.974799377599171521e+03
1.728620937897895828e+03
1.630870323447834380e+03
1.465357753716054958e+03
2.511127837190859282e+03
2.245528418469264579e+03
1.968758250835540139e+03
1.736142592979810388e+03
1.487496284462323047e+03
1.357557973280029955e+03
1.623265426761087838e+03
1.545449779243819194e+03
1.469412754567762704e+03
1.427148561932322991e+03
1.299686009102232674e+03
1.192058232684430550e+03
1.117696382392133501e+03
1.102490903961109780e+03
9.880689202533085336e+02
9.251990893194025602e+02
9.904444538294688982e+02
9.022442193458297197e+02
8.103066995089561715e+02
1.018084508977090991e+03
1.998281171493623788e+03
1.678354651604031005e+03
1.595991569626369483e+03
1.436640205513662295e+03
2.575692248516305881e+03
2.254332667947028767e+03
2.097406637364307244e+03
1.961954414416653890e+03
1.929307966713942733e+03
2.970106211700801396e+03
2.624652107607371363e+03
2.279364624924658528e+03
2.106310615670426159e+03
2.745287388312915027e+03
2.424947023420359983e+03
2.231846292779137457e+03
2.121482255252658888e+03
1.852803976588252226e+03
3.207051222195923856e+03
2.907698577339106123e+03
2.651465628579586792e+03
2.483303354677661900e+03
2.256397085912631155e+03
2.821847467208720445e+03
2.643713229218691140e+03
3.125539351282755433e+03
3.048411507356055608e+03
2.801029049964528895e+03
3.105400140163077594e+03
2.815863881342276272e+03
2.512067572619707789e+03
2.271168823461648117e+03
2.107275084714073728e+03
1.990200654792207615e+03
1.982529907169880289e+03
3.046020269909100989e+03
3.251467933363982411e+03
2.921679565787980664e+03
3.226503138996617963e+03
2.898755995718852773e+03
2.879559876463090404e+03
2.630477625152337168e+03
2.507504416136310738e+03
2.754562319250650944e+03
3.187050736847882945e+03
2.865972029441717041e+03
3.519162812218272393e+03
3.298035727279971070e+03
2.891316873165782908e+03
3.571282131439005298e+03
3.846621968678860867e+03
4.184994817993699144e+03
3.819838902519349631e+03
3.695230486145202576e+03
4.000183366584141368e+03
3.600355043189235857e+03
4.091609685283458930e+03
3.695770755829889367e+03
3.337737151069089578e+03
3.000978922317564866e+03
2.716589836204100720e+03
2.458752652172623584e+03
2.330019611870094650e+03
2.097752110063764576e+03
1.959836327887037896e+03
1.776596136712547150e+03
2.814568091283283138e+03
2.469953042617535630e+03
3.123858525490101329e+03
2.830157454567707191e+03
2.685800671978867740e+03
2.382445300310537277e+03
2.894153752710710251e+03
3.783651914396176835e+03
3.478901002834924384e+03
3.222170852653476231e+03
2.878490310100653460e+03
3.193872095355115562e+03
4.042886560068278413e+03
3.649661579604841336e+03
3.328653344808785278e+03
2.970906870408461145e+03
2.812345372762662009e+03
3.603268726148075984e+03
3.232443930745217585e+03
3.027324494112905995e+03
3.490357451800662602e+03
3.144044020794851349e+03
3.522522680817875880e+03
3.299378322172249227e+03
3.041294867276800687e+03
2.984065625704160084e+03
2.756576085196382337e+03
2.924385257175281822e+03
2.671029314585657175e+03
2.478272899430491634e+03
2.499906838786380831e+03
2.778421010749253583e+03
3.347473881863082624e+03
3.018070562554039043e+03
2.716451619883243438e+03
2.451822819398631964e+03
2.290899912625005982e+03
2.180373920641252880e+03
2.196075775704231091e+03
2.047424858222038893e+03
1.789451320199264501e+03
2.037471295902852489e+03
1.833974186530616635e+03
2.814223942052238272e+03
2.541994551405232414e+03
2.338542619537495284e+03
2.257716324978341163e+03
2.023104644633496719e+03
1.818826664894695568e+03
2.939160909138237912e+03
2.644708473997767214e+03
2.340290672251660453e+03
3.459108158886466299e+03
3.123420000100992183e+03
2.957344056119917241e+03
4.286204570407200663e+03
3.870888687753335489e+03
5.256373478341380178e+03
6.291640517996553172e+03
5.662379013033317278e+03
6.292609529170184942e+03
6.493591152122848143e+03
5.875374195678994511e+03
6.276960008554909109e+03
7.065051054568969448e+03
6.514253689707332342e+03
5.892179543422160350e+03
5.308557385512086512e+03
4.784729960918891265e+03
5.608442600178924295e+03
5.996966594185314534e+03
5.398928065533731569e+03
4.982807757629560911e+03
4.488449033412478457e+03
5.107524107713890771e+03
4.786399171003815354e+03
5.472329945793200750e+03
5.048431786891371303e+03
4.544207299431807769e+03
4.184087799064765022e+03
4.350160641756010591e+03
4.727164889414872050e+03
4.292933933383294061e+03
3.927160437619153072e+03
3.813768668201944365e+03
3.425870249753395001e+03
3.090986062437008059e+03
2.814374575152941361e+03
2.828022185608195741e+03
3.486874244609751258e+03
3.104948670247901191e+03
3.064103940708434038e+03
2.853182153912863669e+03
2.577080292913369249e+03
2.289144982019994586e+03
2.044830775129197264e+03
1.841376007418916060e+03
2.683483366235739140e+03
3.041572565001087241e+03
2.738831615884786061e+03
2.618732037271029640e+03
2.369328355326417750e+03
2.943104470391241648e+03
2.658266115479023938e+03
2.605852922103611036e+03
2.519012136938428739e+03
2.481252770037039227e+03
2.425648845546113989e+03
3.269240300331874550e+03
3.028453021070766681e+03
2.810250491160726597e+03
3.276775603538067116e+03
3.268975128106775628e+03
4.346308776810415111e+03
3.917006305573818281e+03
3.531959041059974425e+03
4.669862488860977464e+03
4.199272656545274003e+03
3.790183067669416232e+03
3.422536420743808776e+03
3.080518356333018346e+03
3.825479346441493362e+03
3.565357424558179446e+03
3.294367598986194025e+03
3.055969778117158057e+03
2.763354672205579391e+03
2.533502558608483923e+03
2.273611843308344760e+03
2.049460364620792006e+03
1.901918353091835115e+03
2.583795524081240274e+03
2.274413944582618569e+03
2.178736795388386327e+03
2.105801681718217878e+03
1.938800658012068425e+03
1.750205713801585034e+03
1.535898366392017806e+03
1.387138784553750611e+03
1.356804103323016989e+03
1.226684783583596072e+03
1.683792205050492612e+03
1.532567120897374934e+03
1.374933407541412407e+03
1.395137131436213394e+03
1.464086694160194838e+03
2.238825309004707378e+03
2.015470644190508892e+03
1.866444874403891163e+03
3.073798805982857630e+03
2.819511317126100948e+03
3.214533527460729601e+03
4.050419780824534428e+03
3.936048455784056387e+03
4.337139834896346656e+03
4.078929013885338009e+03
3.754700275362936281e+03
3.459945284945472849e+03
3.138203915477134615e+03
2.889409009345318736e+03
2.573745662724055364e+03
3.052225669363679117e+03
2.889368108704982205e+03
2.550804750027674345e+03
2.313537700247501107e+03
2.136556346739349465e+03
1.939126564801279983e+03
2.020145805466106594e+03
1.819546744990455181e+03
1.757559219400247457e+03
1.997178038926677573e+03
1.933367310462426531e+03
1.935353008157094791e+03
2.329518680779261558e+03
2.948994362965218443e+03
2.652231502739322423e+03
2.327714637292295720e+03
2.751756130117093107e+03
2.713767194065287185e+03
3.198331836123491030e+03
3.466655977778913893e+03
3.113315787471964995e+03
2.801795233750035550e+03
3.191635948300890050e+03
2.856122366370374948e+03
2.574645969246307686e+03
2.659596391666038471e+03
2.572370632592750553e+03
2.330714169607628719e+03
2.597498251136126783e+03
2.524709364976980851e+03
2.284723926930058951e+03
3.199281907083950045e+03
4.082554649677234465e+03
4.861750486559070850e+03
4.468330536474131804e+03
4.000466732241797672e+03
4.019433911589868785e+03
3.758511506261122577e+03
3.437152792538977792e+03
3.039809339442932469e+03
2.808443151717900491e+03
2.519367764807150706e+03
3.569455637074806873e+03
3.216980860664773445e+03
3.035313934619609881e+03
2.974020354646879241e+03
2.841568857006681355e+03
2.542111422837417194e+03
2.557001766154413872e+03
2.432262986044292575e+03
2.239930389379835106e+03
2.028689726852384183e+03
1.821427246183298621e+03
1.785291065863645827e+03
1.597861628407941225e+03
1.384808717403246192e+03
1.261505875920582184e+03
1.111133081763711971e+03
1.172268270264965849e+03
1.073138343528825544e+03
1.119248000762750280e+03
1.007565689756716893e+03
1.121800759448516146e+03
1.003955014814461151e+03
1.059606783900122082e+03
8.954940982550895114e+02
8.122554691113072067e+02
7.965796748392932614e+02
7.596170468471120785e+02
6.838796271465118934e+02
7.153951059886796884e+02
6.692517923222815170e+02
1.211067752469715288e+03
1.239156790817278079e+03
1.113160790879685692e+03
1.756045091690165009e+03
1.820598534859545225e+03
1.643801777876233700e+03
1.536726786525229954e+03
1.455885459739869930e+03
1.445095329321596182e+03
1.424013348864338923e+03
2.300362102521911311e+03
2.191192863881030007e+03
2.450102761482266942e+03
2.504417368557771169e+03
3.407700540631727108e+03
3.120241741735350843e+03
3.028639347862883369e+03
2.800372599416087269e+03
2.502179539057866805e+03
3.042661022685057105e+03
2.738149923899500209e+03
2.464577169516737285e+03
2.227402359878986317e+03
2.099648447348367881e+03
2.635756092224220538e+03
2.870881042034854545e+03
2.642947582269769100e+03
3.050639170103331253e+03
2.707689376883080968e+03
2.796994319403533154e+03
2.525421082206999472e+03
3.171571960406559811e+03
2.916828820927448305e+03
2.635605067479557874e+03
2.349268934919585718e+03
2.853162106696666797e+03
4.145458621276477061e+03
3.728426287135279836e+03
3.392181554418457836e+03
3.294657086083074773e+03
2.960301499657540262e+03
3.719034885282781943e+03
4.785618994062392630e+03
4.257217700380229871e+03
3.820439380506589259e+03
4.589721638061881094e+03
4.130924346281331054e+03
3.721464062400740204e+03
3.317005228807812728e+03
3.615230709882438987e+03
3.334911653880031281e+03
3.164683295857406392e+03
3.588580120416294449e+03
3.817971088579517073e+03
3.577342867465152267e+03
4.060559989299138124e+03
3.644690777171417722e+03
3.454015997292917746e+03
3.769210723792411045e+03
3.570991816635236773e+03
3.262850319183574356e+03
2.934653293031008161e+03
2.649553444108692474e+03
3.475778047541197793e+03
3.130013136808091076e+03
2.830707325821465474e+03
2.725691043074479239e+03
2.473721224192962836e+03
2.168270636805320464e+03
1.957477022669968846e+03
1.964953398923406894e+03
1.729100902292072988e+03
1.890713295267390549e+03
1.801721076462962401e+03
1.651116978565678892e+03
1.500634096812914322e+03
1.416217129637502467e+03
1.345906640049566704e+03
2.015821674200336247e+03
3.001819955726761236e+03
2.822744394317182014e+03
3.345602815885258678e+03
3.014085444250818455e+03
3.151986519885832422e+03
2.847449484178046987e+03
2.664393319672989492e+03
2.435687770037662631e+03
2.347351294679280272e+03
2.738169824155395872e+03
3.449641692988267550e+03
3.880338836611988427e+03
3.588604175047451008e+03
3.234101266330622366e+03
4.419477247744443957e+03
3.984672956861335479e+03
4.189861475303326188e+03
3.823466565709059523e+03
3.564338143669886904e+03
3.272635449721663463e+03
3.361583772700525515e+03
3.130489592564061695e+03
3.930798829773009857e+03
3.604475157979702090e+03
4.016786749302986209e+03
4.413542633458759155e+03
3.982158681171004446e+03
3.782251991067302242e+03
3.410518233542980852e+03
4.399064589199369038e+03
4.959296576400388403e+03
5.355269159568482792e+03
5.407397725882488885e+03
4.912606558262215003e+03
5.252637564213639052e+03
5.457145965309597159e+03
5.645221295216134422e+03
6.336736188545394725e+03
5.710395124653366111e+03
5.649483147315251699e+03
6.154400968153306167e+03
5.668983125938503690e+03
5.172702212301621330e+03
5.178208948654862979e+03
4.717490388149269165e+03
4.390223675399350213e+03
3.966057391927664867e+03
3.720789882841303097e+03
3.362375751602523451e+03
4.532916877089574882e+03
4.159205073838225871e+03
4.023722474018295998e+03
3.713686372079395369e+03
4.193894231619578932e+03
3.788201931166647228e+03
3.955005257353983779e+03
3.670212620274235633e+03
4.928216337738561379e+03
5.079979034860037245e+03
5.519130180195221328e+03
5.147583231085324769e+03
5.105687623797206470e+03
4.692723095111005932e+03
4.563580235960891514e+03
4.577313763502284019e+03
4.661769913535095839e+03
4.194162162241259466e+03
3.928293110864399750e+03
4.604844739992856375e+03
4.144654561842065959e+03
4.151249942585460303e+03
4.801588885402774395e+03
4.348586068656753014e+03
3.868246475492338959e+03
3.532075467537817985e+03
3.273770564269045281e+03
3.078857196493350784e+03
4.196950514008113714e+03
3.749140551444133507e+03
3.387930204415838489e+03
3.204588633250950807e+03
4.206225248942698272e+03
3.853008515054345025e+03
4.613299038212568121e+03
4.080720410963314862e+03
4.301119231870132353e+03
3.856464854757082321e+03
3.523835144236976703e+03
3.293440236214843935e+03
3.750036844677406407e+03
4.379166311036569823e+03
4.888694096289878871e+03
5.043381205043268892e+03
4.700103340550171197e+03
4.246288222970597417e+03
3.956095414338929004e+03
3.790141791800680949e+03
4.464594978915713000e+03
4.168227930886099784e+03
3.732000957452783950e+03
4.928817700536519624e+03
4.695130397600225479e+03
4.301981691021113875e+03
3.920587584558794333e+03
3.597283614844588101e+03
4.026205653467165121e+03
4.141904122576170266e+03
4.083269855546337567e+03
3.633515748599995277e+03
3.805068134145334625e+03
3.538374833185356238e+03
4.043274418508588496e+03
4.579274019157905059e+03
4.271990295382531258e+03
3.916585186886566134e+03
3.515152081078502761e+03
3.105571729465020326e+03
2.881744678998167728e+03
2.560692214789273294e+03
3.732940170704941011e+03
3.461206932574440089e+03
3.117220150991222454e+03
2.839380910034130466e+03
2.898817044165576590e+03
2.803519290896700113e+03
3.179734795533797296e+03
2.870488252124230712e+03
3.588398233746518599e+03
4.469095264748537375e+03
4.111351971233533732e+03
5.422479452652984037e+03
4.960997491518853167e+03
4.761391237918015577e+03
4.383454961010708757e+03
4.087461260099652009e+03
3.715654039874626051e+03
3.456386670229810534e+03
4.413344619145151228e+03
5.450089240822786451e+03
5.889762153254038822e+03
6.091660711550166525e+03
5.487315939393128247e+03
6.202940358623725842e+03
6.259338536661951366e+03
7.185865824347019952e+03
6.532052926299531464e+03
6.008603142278559972e+03
5.469398643628652280e+03
4.994799823234502583e+03
4.598758236049180596e+03
4.147592521645641682e+03
3.782619877081183859e+03
5.152049807734858405e+03
5.090269329625754835e+03
4.571420442407506926e+03
4.269072871300299994e+03
3.809529745685049420e+03
3.674529086164855926e+03
3.408156977148857550e+03
4.141941447442264689e+03
3.727942516581461405e+03
4.515698016975494284e+03
5.294844311548841688e+03
4.772988479256695427e+03
5.094746383614502520e+03
4.679218741326269082e+03
4.385663583612877119e+03
4.822988130884976272e+03
4.582868352347079963e+03
5.475608278398263792e+03
6.206883345701558937e+03
6.932046183287818167e+03
6.284550722748457702e+03
6.313525704182206937e+03
5.745868239749988788e+03
5.181551692945216928e+03
4.674040065586339551e+03
4.223350210801151661e+03
4.035234998931198788e+03
3.625988923055310352e+03
4.359488587219535475e+03
4.291146884994904212e+03
3.981305602144395380e+03
3.786824106092211878e+03
4.126145373489564008e+03
5.211741733079566984e+03
4.649286237998513570e+03
4.964690770763916589e+03
5.162722033876496425e+03
4.671559852368927750e+03
4.215438094238384110e+03
4.692674853234569127e+03
4.367485222018418426e+03
4.294296525838192792e+03
4.986302100715617598e+03
5.086465551319395672e+03
5.684551316290108844e+03
5.659748054823926395e+03
5.082223376023371202e+03
5.675832039162426554e+03
5.107722883936462495e+03
5.310086391806898064e+03
5.423321201693935109e+03
4.996840574039825697e+03
5.180365371498390232e+03
4.672803634063428945e+03
5.939712373163119992e+03
5.308990755693177562e+03
4.916404702260719205e+03
5.321633369295384000e+03
4.742276682805084420e+03
4.912626848227370829e+03
4.423056930069831651e+03
5.394775104061634011e+03
5.687321766120333450e+03
5.281063249863837882e+03
5.629219898657634076e+03
5.058388552097777392e+03
4.583263476840319527e+03
4.271889822938599536e+03
3.973912941867061818e+03
3.566747335320729235e+03
3.210251104741537802e+03
3.001609382044854101e+03
2.685007464473941127e+03
2.995269364063664398e+03
3.481492146034969210e+03
3.950929516166135727e+03
3.697859899244905591e+03
3.453124358211526669e+03
3.350646065840624942e+03
3.007174153870952068e+03
2.736860720602885976e+03
2.395324595880138077e+03
3.031215845690535389e+03
2.749250957058743552e+03
3.458653570586664955e+03
3.156575863942864999e+03
3.573021893362069022e+03
3.456656728864852994e+03
3.264980941647595046e+03
3.700295846969625018e+03
4.354364406121469983e+03
4.039659743381469980e+03
3.645595255992884177e+03
3.464178751027589442e+03
3.145074073414500162e+03
2.830753336077943914e+03
3.508722933302537513e+03
3.193467476433745560e+03
2.920836111813709977e+03
3.077100537335012177e+03
2.740786777047499072e+03
3.085538966407963926e+03
3.632815318026131990e+03
3.270296770701145761e+03
3.664728723760463254e+03
4.023663486368448503e+03
3.622233464246214226e+03
3.213536978692408866e+03
3.910679447030694973e+03
3.617922600193037852e+03
4.008037544640208125e+03
3.614466073624468663e+03
4.440154901267255809e+03
5.115939088706588336e+03
5.347383773401409599e+03
4.947440339455048161e+03
4.462716862328650677e+03
4.766753455940557615e+03
4.282898172757700195e+03
3.900285091408570224e+03
3.736918148235017270e+03
3.604661863706930490e+03
4.879344247334121974e+03
4.394009789389157959e+03
3.901245326050004223e+03
3.431347909767907822e+03
3.104497841929957303e+03
4.169193210510990866e+03
5.319734042211512133e+03
5.256287503602583456e+03
4.730951674282347994e+03
4.572168689924218597e+03
4.185790178463706980e+03
3.772668989595219500e+03
3.404829358410623172e+03
3.069857027959812513e+03
4.174844502403788283e+03
4.516999266600402734e+03
4.062588425676418865e+03
3.728680340807467928e+03
4.550150883748684464e+03
5.122079100212331468e+03
4.594265704407219346e+03
5.815120143927550998e+03
5.328610165968612819e+03
5.978771288809721227e+03
5.390005135288675774e+03
4.860717072197187008e+03
4.439962526223131135e+03
3.946016654692574321e+03
3.598709565273687986e+03
4.226446450434131293e+03
4.534267053091776688e+03
4.307019374584141588e+03
5.063957376149623997e+03
4.611718685476752398e+03
4.091564935042648358e+03
4.511598550090685421e+03
4.010077628917548736e+03
3.810037529630040808e+03
4.473546812376459457e+03
4.762130388281053456e+03
5.080393533630885941e+03
5.058332373489679412e+03
4.639017572406428371e+03
4.321440058917481110e+03
4.615985139890290156e+03
4.242059483799715053e+03
3.822218532439273076e+03
3.401683506641191343e+03
3.229916709137342878e+03
2.982421823796065837e+03
2.762684045052055353e+03
2.471166476847969079e+03
2.679916598843894462e+03
4.084618070026287569e+03
4.762045837685750485e+03
4.360803579777081723e+03
4.689118538069703391e+03
5.776127239997591460e+03
5.183710614156416341e+03
5.513189913218100628e+03
4.965342812959548610e+03
4.463747751060243900e+03
3.964842767848395852e+03
3.577941188754588893e+03
3.187974101005423108e+03
3.021180145113619801e+03
3.703078241505193546e+03
3.335787979341650953e+03
2.992762913092376493e+03
3.767880030086675106e+03
4.120465800794741881e+03
3.748991853620116217e+03
4.483437174173673156e+03
4.028177775869688048e+03
3.749287489653246212e+03
3.515716924520167595e+03
3.218466136236938382e+03
2.895297056713297025e+03
3.448940597734788298e+03
3.975734493301331895e+03
4.400635822664420630e+03
4.051520860289388565e+03
4.602193641944129013e+03
4.295299113958119051e+03
3.855993453577415039e+03
4.452198573802599640e+03
4.085661281302625412e+03
4.476297437712823921e+03
4.099069743247872793e+03
4.317259244413160559e+03
4.103027264089907476e+03
4.218974609536813659e+03
3.901797313488809777e+03
3.615980184964748787e+03
3.228704802498109075e+03
3.045065118002482905e+03
2.653284194904836568e+03
2.442857676050413374e+03
3.006878598707131459e+03
2.918460563249932420e+03
2.717417607756271991e+03
2.501557985194499452e+03
2.772894653518367249e+03
3.547667787597667939e+03
3.136814654003203486e+03
3.178552998856936938e+03
2.903667124861302455e+03
2.972379238608672040e+03
2.686747062645235928e+03
2.517531444893748358e+03
2.641800729101195884e+03
2.990145615084207293e+03
2.640212435243983236e+03
2.323582256116356348e+03
2.118758683984996424e+03
1.902928430890204709e+03
2.809646340292272725e+03
2.586218142243915281e+03
2.327634526415723940e+03
2.988042663996652209e+03
2.836856562576943816e+03
3.219770722002833281e+03
3.808593483098643446e+03
4.559095461737589176e+03
5.683345925621158131e+03
5.115184317436625861e+03
5.529949355917273351e+03
5.119337632092991953e+03
5.609043588443595581e+03
5.050274885311141588e+03
4.904737754197598406e+03
4.401405992513959973e+03
3.921259015957621159e+03
5.334550390637014061e+03
5.674604558163038746e+03
5.265445859442631445e+03
4.731151036717380521e+03
5.289617130301892757e+03
4.760513938888945631e+03
5.570486050936176980e+03
6.161261172308073583e+03
5.570078201206683843e+03
6.605154613163236718e+03
6.390544061677610443e+03
6.053150225891248738e+03
6.891313728823060956e+03
6.200364504892238074e+03
6.321248537562792080e+03
6.570674953277486566e+03
6.751549012887531717e+03
6.067924324245303069e+03
7.045038789244788859e+03
8.037234572385310457e+03
8.025916337971756548e+03
8.210858738245897257e+03
7.473314956886632899e+03
6.750146596586828309e+03
6.103132954032957059e+03
5.502736539569617889e+03
4.952761428855589656e+03
6.078777241242782111e+03
7.286881297308131252e+03
7.333252307489823579e+03
6.826364361348867533e+03
7.847746011310000540e+03
7.196219481737160095e+03
6.481670828564625481e+03
5.949854441054299059e+03
5.387493912170070871e+03
4.886062576202322816e+03
6.235979834628187746e+03
5.625515605867217346e+03
6.502871457800311873e+03
6.170212047855578930e+03
5.776750966257211985e+03
5.955635536815898377e+03
6.668239720847970602e+03
6.159665191137793954e+03
6.766881184780868352e+03
6.090440472122867504e+03
5.479145000588428047e+03
4.928074099764908169e+03
6.091881566608509274e+03
6.806218567843389792e+03
7.363763047820768406e+03
7.792186638602981475e+03
7.186419811472204856e+03
6.476651520888088271e+03
7.488153275501775170e+03
6.928813300744955995e+03
6.180677803164738179e+03
5.706577884152969091e+03
5.286699823561962148e+03
6.165779834177416888e+03
6.395488023386491477e+03
5.833637524504817520e+03
6.083935479562016553e+03
6.661867814331029876e+03
6.136312764773277195e+03
6.206490249735572434e+03
6.009777370404677640e+03
6.309068954731862505e+03
5.911431359626616540e+03
5.661986808111075334e+03
5.087265476104409572e+03
5.537049222466482206e+03
5.055104378364014337e+03
4.666440935558005549e+03
4.317651476040676243e+03
4.547906355195604192e+03
4.139726005226457346e+03
3.831551966126009120e+03
3.591113909192729352e+03
4.585479284489234487e+03
4.166611274897162730e+03
3.845301180175116315e+03
3.462286780771344638e+03
3.708940869251653567e+03
4.207203425812680507e+03
5.150073465512608891e+03
4.708807680727602929e+03
4.404374573887957922e+03
4.707807702906579834e+03
4.850609217510627786e+03
4.522003526774595230e+03
5.512758765879128077e+03
4.972132515166138546e+03
5.846127238346089143e+03
6.424921395546326494e+03
5.906002889401984248e+03
7.010130677006854057e+03
6.451119218709483903e+03
6.588060755528646041e+03
7.467727864960311308e+03
7.064732989767390791e+03
6.960084244923082224e+03
6.492497120854126479e+03
5.850850555767746300e+03
6.764838306423509493e+03
6.694331874278766009e+03
6.162132779587439472e+03
5.558256051840839973e+03
5.824238229106935250e+03
5.377664386185733747e+03
5.731493797520506632e+03
5.665310898847987119e+03
5.913064041445257317e+03
5.443895056554590155e+03
5.840333717264945335e+03
6.654511331304978739e+03
6.460287737544101219e+03
5.861118355291982880e+03
5.385912263441670802e+03
4.856987284502142757e+03
4.380399552626548939e+03
5.505606475464038340e+03
6.215200423399207466e+03
5.534361732831146583e+03
5.055148798535350579e+03
4.542362440080347369e+03
4.181310270651845713e+03
3.753140228566907354e+03
4.583211460043810803e+03
4.823819847021293754e+03
5.926501448531125789e+03
5.325381396991360816e+03
4.789562445737840790e+03
4.470887687128751168e+03
4.222879309220632422e+03
3.877533046094043584e+03
3.491249616910589793e+03
4.869279793045743645e+03
5.584834050509512963e+03
5.044698524673832253e+03
6.102164611983704162e+03
5.553518879501813899e+03
6.251452269574288948e+03
6.360700408073746075e+03
7.002764737590420737e+03
7.217656996378900658e+03
7.930051297423997312e+03
7.240091342376153079e+03
7.422811437312486305e+03
6.824865789367551770e+03
6.202213871499669949e+03
6.284743569119602398e+03
5.794749329698189285e+03
5.338713127541945141e+03
4.754961689639969336e+03
4.990724974521085642e+03
5.260859497566421851e+03
6.390887428970356268e+03
7.440678405426762765e+03
7.538096118249959545e+03
7.061762620989215975e+03
7.802198310733045219e+03
7.215343395606892955e+03
6.633669754632245713e+03
6.106677807934508564e+03
6.275631620522028243e+03
6.242847499351577426e+03
5.652639272511808485e+03
5.899187845950466908e+03
6.746146717553435337e+03
6.072809494846118469e+03
5.891665524663359975e+03
5.377051508580299014e+03
5.020216641029462153e+03
5.966911530387930725e+03
6.762946307975953459e+03
7.011221320409188593e+03
6.297529645444811649e+03
5.669557062729225436e+03
5.784274158622118193e+03
5.133425742179650115e+03
4.569286211857863236e+03
4.913878241676063226e+03
4.525675770591436958e+03
4.035719837992829980e+03
3.650585942882082236e+03
3.254221763046728938e+03
3.980705602760365764e+03
3.585239174486461707e+03
3.225326712371557733e+03
3.201769468297347430e+03
3.631392159641551189e+03
3.352829737166284303e+03
3.877439288768167899e+03
4.458122953533145846e+03
5.769588376932963001e+03
5.463240598738546396e+03
5.062839261138487018e+03
5.597857508247403530e+03
5.655174198153260477e+03
5.764885609096660119e+03
5.950063815632935075e+03
5.364303504691433773e+03
4.930458754740978293e+03
4.676972390347947112e+03
5.064510600888927911e+03
5.279810262692471952e+03
4.736960447160907279e+03
5.873756767169064005e+03
5.855438969845991778e+03
5.241823648490173582e+03
5.440870321790045637e+03
6.460019054073740335e+03
5.803761580009366298e+03
5.375417411854945385e+03
4.981217709349932193e+03
5.542670276992706931e+03
5.570829254357243371e+03
5.816083693820588451e+03
5.521618151929585110e+03
4.983554251469203336e+03
4.570595845689203998e+03
4.250146810805733367e+03
4.549977709629256424e+03
3.980069965793408755e+03
4.367102262778260410e+03
4.098387846847356741e+03
3.699294647250702837e+03
4.048017741743865827e+03
3.643147987272878254e+03
3.438355668979945222e+03
3.340999841217926587e+03
3.937354089190528157e+03
3.568438241096613183e+03
3.196263616424994325e+03
3.904203953645722322e+03
4.362947903940972537e+03
4.528817494510633878e+03
4.819293898815551074e+03
4.310316844883694102e+03
3.960408346857069319e+03
3.828570403755019470e+03
4.363627632172851008e+03
4.164441051581135071e+03
3.838070531968316118e+03
3.670604369055125971e+03
4.452588458547598748e+03
4.887703026355056863e+03
4.318832358593374920e+03
4.940886628756838945e+03
5.370205630015306269e+03
5.683699112428872468e+03
5.115544591993361792e+03
4.845455705078270512e+03
4.647332170792881698e+03
5.480598271976435171e+03
4.944391983588490803e+03
6.129657256143088489e+03
5.523760148676456993e+03
6.603767831231799391e+03
6.059011122674461149e+03
5.466480067098309519e+03
5.086803475460542359e+03
5.415797564109673658e+03
5.622724871902314590e+03
5.942203112446346495e+03
5.505099827982270654e+03
6.745777209064023737e+03
7.666195185868677072e+03
7.698185356677861819e+03
6.931162768259076984e+03
7.145028961424694899e+03
7.293195436401050756e+03
6.564052165932540447e+03
6.127365371142227559e+03
5.530619548712559663e+03
6.472638322945183972e+03
5.834676170568118323e+03
5.399697427384221555e+03
5.643238015866735623e+03
5.083465053671796340e+03
5.381078477890665454e+03
5.697750286058406346e+03
5.182577889975596918e+03
4.609840918973502085e+03
4.795749711016169385e+03
4.475845072746152255e+03
4.819426780040262202e+03
4.505988005323534708e+03
4.477616125495020242e+03
4.881205141587782236e+03
5.168192330772551031e+03
4.777453625878739331e+03
5.809383714033003344e+03
5.177778675864197794e+03
5.439939272256149707e+03
5.799965986325449194e+03
5.999736960676806120e+03
6.884050898757243885e+03
7.806009187578334604e+03
8.847249940441299259e+03
7.970013244285387373e+03
7.198559213799600002e+03
6.718121446277170435e+03
6.012987977522100664e+03
6.203314709200417383e+03
5.593936930134527756e+03
5.847752156346878110e+03
5.573400209242770870e+03
5.087846197432326335e+03
6.038219720960713857e+03
6.988783729294419572e+03
6.444271028346672210e+03
7.027431415192547320e+03
7.841183914194050885e+03
7.081255384002676692e+03
6.382822412105436342e+03
5.878316735992688336e+03
5.324063415902986890e+03
4.711931321678277527e+03
4.228605072342604217e+03
4.422636919095886697e+03
3.993464970739748878e+03
3.607299772781407682e+03
4.073462280035631011e+03
3.898341131400547056e+03
5.214823332434590156e+03
5.460966482168911170e+03
5.304449590799243197e+03
4.785505328025900781e+03
4.663383046423801716e+03
4.206144488900958095e+03
3.814573451537749861e+03
4.151612517894625853e+03
4.456956370934166443e+03
4.259017277425785323e+03
3.807582308020755590e+03
4.117739511996162037e+03
3.658878068039116897e+03
4.330641904111063013e+03
5.074331449764564240e+03
4.645305605960876164e+03
4.977907507493746380e+03
5.230440728358275010e+03
4.621256092118731431e+03
5.010423975142472045e+03
5.286743827621080527e+03
4.900581795483326459e+03
5.721525075172985453e+03
6.432684628515562508e+03
5.734283153740804664e+03
5.173367461822291261e+03
4.606934082882777147e+03
4.103487158512077258e+03
5.526040850595250959e+03
4.976623485387814071e+03
6.008138093612601551e+03
6.181132388952495603e+03
5.527857949556701897e+03
5.100357725694232613e+03
4.590400114696003584e+03
4.234980699822969655e+03
3.783065877528795681e+03
3.537008775791803600e+03
3.174616319366870812e+03
2.800385202030900928e+03
2.877931408120280594e+03
3.350461869997907343e+03
3.415515566285016575e+03
4.515026826641073058e+03
4.219387538227931145e+03
3.931154624488211084e+03
4.934088656593299675e+03
4.422199442077160711e+03
3.941971378817342156e+03
4.664876103157302168e+03
4.587741475763137714e+03
4.127498438425560380e+03
3.667448144649968526e+03
4.074978915365728426e+03
4.413920728893514934e+03
5.063006223685770237e+03
5.495261349629489814e+03
6.373659552343814539e+03
6.655829631263269221e+03
6.016029074217782181e+03
5.378881865502287837e+03
5.610321157827367642e+03
5.061513436812637337e+03
4.628444568580152918e+03
5.854499384207647381e+03
6.336262886659147625e+03
6.612578178944493629e+03
6.086024477660125740e+03
5.465194051395262250e+03
5.746877094136706546e+03
5.412171634759562039e+03
5.990073606755277979e+03
6.423059296268062099e+03
6.742528770634096873e+03
7.018635512970963646e+03
6.303446337872474942e+03
5.682215065223179408e+03
5.068133333730943377e+03
5.437053468498777875e+03
4.924213601347048098e+03
4.601956777695921119e+03
5.399026465342238225e+03
5.550157041237516751e+03
5.133758874492382347e+03
5.473849077872177077e+03
4.887966949069420480e+03
4.467417140263554757e+03
4.715589492034119758e+03
4.421077412421564986e+03
3.987488018419468062e+03
4.956471339250852907e+03
4.645643090962405950e+03
4.316206768262345577e+03
4.058878128248440589e+03
3.815030763145935452e+03
3.657560247957813772e+03
4.059369901254026445e+03
4.489881066423265111e+03
4.849512817062561226e+03
5.396176768296036244e+03
4.845554510492713234e+03
4.308630895485929614e+03
3.857579000722255387e+03
3.502409446975065748e+03
4.442927550102466739e+03
5.148789657287503360e+03
6.085030125624381981e+03
5.578454273836495304e+03
4.963439957169339323e+03
5.657854225311639311e+03
6.634328002677370932e+03
6.120242158495902913e+03
5.577279223056990304e+03
5.018765129400837395e+03
4.536196247321582632e+03
4.082309990714035848e+03
3.637090584435170058e+03
3.296738362356413290e+03
3.998598052142403503e+03
3.519298276101231750e+03
4.034371314806352530e+03
3.622176724256009948e+03
3.324500525562405983e+03
3.020349815212193789e+03
2.745121328386675941e+03
2.541131672812358374e+03
2.275312501657576377e+03
3.768579148536921821e+03
3.420014571369351870e+03
3.316186261367489351e+03
3.704902908615683828e+03
3.353985090168202532e+03
3.687863695954215927e+03
4.116890829832509553e+03
3.992144651347828585e+03
4.353080693182233517e+03
4.636809408756285848e+03
4.860333079424475727e+03
4.322954375607637303e+03
4.702246234678071232e+03
4.301946069873667511e+03
4.127116074186233163e+03
4.301143365154115600e+03
4.961403951003552720e+03
4.585602597650654388e+03
5.682561477387243031e+03
5.104206958207648313e+03
5.332984974508856794e+03
5.575922749499956808e+03
5.014185539270375557e+03
5.316813563055911800e+03
5.947247174427859136e+03
6.038994502432424270e+03
5.581916126400199573e+03
5.089160757545780143e+03
6.073375458521119981e+03
5.711610272294854440e+03
6.436039819867459300e+03
5.793950740654427136e+03
5.611754276390340237e+03
5.085204341076075252e+03
5.357925979556670427e+03
6.240039078705878637e+03
5.634236116132397910e+03
5.057066018985598930e+03
5.326990401181054949e+03
5.111066545135123306e+03
4.786259052956391315e+03
4.636417779580791830e+03
4.954470581325320381e+03
5.220850579337697127e+03
5.590901324122909500e+03
5.727059278376833390e+03
5.968602024823194370e+03
6.942841355748066235e+03
6.618021521486937672e+03
6.035922577016324794e+03
5.422541020012672561e+03
5.245603748307281421e+03
4.843336160646856115e+03
4.357362742329313733e+03
5.547695011471419093e+03
5.538930861421346890e+03
5.019518160488016292e+03
4.513477873844398346e+03
4.852803874506432294e+03
5.070576114915462313e+03
4.576195419461360871e+03
4.952347688053038837e+03
4.506991128431569450e+03
4.361072276720410628e+03
3.868325701839774865e+03
3.819211437988100442e+03
4.142246679328252867e+03
3.941135872686209495e+03
3.496995200397065219e+03
3.874481395022670768e+03
4.212293745425926318e+03
3.751704810974509201e+03
4.083060032621573555e+03
4.380817049165643766e+03
4.017228733049095808e+03
5.319155706858936355e+03
6.228142516499749945e+03
7.312841088481448423e+03
7.270854315757685072e+03
6.695315800205183223e+03
6.247777127741218465e+03
6.935256269880126638e+03
6.258980673304730772e+03
5.582438343973048177e+03
5.722472271733146954e+03
5.902987812148239755e+03
6.476911734420882567e+03
5.876742618681952081e+03
5.279253835109097054e+03
4.917398017429074571e+03
4.373428674970623433e+03
3.982371090375251242e+03
3.596816802085084873e+03
3.231143131473375433e+03
2.958643244610245802e+03
2.726866722700473929e+03
2.670602894610825388e+03
3.042533585348661290e+03
2.836691418844067812e+03
2.561467635822923057e+03
2.425916370503360213e+03
3.057557862240903887e+03
3.896284263241082044e+03
5.053457533161026731e+03
4.957988160380693444e+03
6.107400507998078865e+03
7.197730529655467762e+03
6.547510708297738347e+03
6.562588353071327219e+03
6.734063351201952173e+03
7.229444484182723500e+03
7.136476202482032932e+03
8.245718238483832465e+03
8.155149401772484453e+03
7.595281050529553795e+03
7.669853758016816755e+03
7.221487818941731348e+03
7.403960089324858927e+03
7.360143828639193998e+03
6.614371516414665166e+03
5.909935353075553394e+03
6.894713959298524969e+03
6.820702308555931268e+03
7.560967849011308317e+03
6.940727823424791495e+03
6.265649305968661793e+03
5.581153761602809027e+03
5.777384279337647968e+03
5.149754142005106587e+03
6.264976899764227710e+03
7.198981534731796273e+03
8.273273533053816209e+03
9.099665774491890261e+03
8.652686380500481391e+03
8.641567442867706632e+03
8.904599264060083442e+03
8.811688397871486814e+03
9.299142807363839893e+03
8.472400660896451882e+03
7.614552298691694887e+03
6.977991360263027673e+03
6.265124905960242359e+03
5.582517413511380255e+03
5.813889372031148014e+03
5.411927628781910244e+03
4.937034105623286450e+03
4.637277031695884034e+03
4.567764103684439760e+03
4.172239137869894876e+03
3.771220533820220680e+03
3.387714928364323441e+03
3.644255966993142465e+03
4.611196640542000750e+03
5.744007345161980084e+03
6.531657332268292521e+03
6.019077226163912201e+03
5.347524405850970652e+03
4.920766659514746607e+03
6.194579480035878987e+03
7.311161013592824020e+03
6.671161218418086719e+03
7.412133725669943487e+03
8.174601912183135937e+03
8.842620435398321206e+03
9.486097782462220493e+03
1.003335982976549167e+04
1.059431185361426105e+04
9.583757050181888189e+03
9.747923109715129613e+03
1.033512448692280850e+04
9.339885196372037171e+03
8.541164350112390821e+03
7.853297640700860029e+03
7.017770129511514824e+03
7.070486524965241188e+03
7.859282302463425367e+03
7.079153272222404667e+03
7.673778593891433957e+03
7.384694225579238264e+03
8.136282747319028203e+03
8.732998299827046139e+03
8.626803917465424092e+03
9.343886605165202127e+03
8.362745825030200649e+03
9.034037510842648771e+03
8.402660086505769868e+03
7.696999129609298507e+03
8.444856194769330614e+03
7.669245391736059901e+03
8.077993663014383856e+03
7.282963763682657373e+03
6.737816717625947604e+03
7.823955330959213825e+03
8.913233469662036441e+03
8.314969447648647474e+03
7.675016315743157975e+03
6.951115160671573904e+03
6.224114260758814453e+03
5.773205980286817976e+03
7.064648471356624214e+03
6.353186812407434445e+03
5.753136135650215692e+03
6.342649100060354613e+03
6.820981738987698009e+03
7.562615996311193157e+03
6.785906762877196343e+03
6.206971577084526871e+03
5.780307363861700651e+03
5.807380179059538023e+03
5.948023913582436762e+03
6.004829819167990536e+03
5.621004434629958268e+03
5.073141094360130410e+03
4.623524205362583416e+03
4.161052129519574919e+03
3.676073056158204054e+03
4.210130585064728621e+03
5.356118068956675415e+03
4.806068158947844495e+03
5.627451206922725760e+03
6.666618820326390050e+03
6.181026476598291083e+03
7.253397102665870079e+03
6.677711154223664380e+03
6.257280503423696246e+03
7.377754618689344170e+03
6.645501595217892827e+03
5.971201160553852787e+03
5.577106229374579925e+03
5.655911872596303510e+03
5.169727999451196411e+03
4.663937131926980328e+03
4.536669809852002800e+03
4.281098627332218712e+03
4.020131345599999349e+03
3.853103900972290376e+03
3.469813953287334698e+03
3.934887475475108658e+03
4.556801886533570723e+03
4.244483126188254573e+03
4.623101936937095161e+03
4.767589250685628940e+03
6.121613055182981952e+03
5.666914870420993793e+03
6.537091063051690071e+03
7.456069046585708747e+03
6.876385287398895343e+03
7.209020547847599119e+03
6.676071158416873914e+03
6.751157950531691313e+03
7.034692547457570981e+03
7.534843534248150718e+03
8.241064297723456548e+03
7.437058718701951875e+03
7.740105552538340817e+03
8.755218942989989955e+03
9.723502763929644061e+03
8.794659296762914892e+03
7.917244938631342848e+03
7.181219027670344985e+03
7.764373542144825478e+03
7.126465124542662124e+03
7.339197743345986964e+03
6.563081514235454051e+03
5.976561317980781496e+03
5.377272605274434682e+03
6.735854140542784080e+03
7.921709084763356259e+03
8.697031194960596622e+03
9.207689971201803928e+03
9.167569227489908371e+03
8.313774145663488525e+03
9.271147050949581171e+03
8.586999678798272726e+03
7.728010998398347510e+03
8.664082174161005241e+03
9.414059037914559667e+03
9.053709052341395363e+03
9.902836719477745646e+03
8.851331739659648520e+03
8.031562672490211298e+03
7.496208591035934660e+03
8.284117832997366349e+03
7.711581901147471399e+03
6.896475072431906483e+03
7.017722459255650392e+03
6.268647766036408939e+03
5.849829989073881734e+03
7.112072611390643033e+03
6.394344768599879899e+03
5.820711230173386866e+03
5.315410279412590171e+03
5.663601615679757742e+03
6.450194346696087450e+03
6.591213678054033153e+03
5.881944997024025724e+03
5.405098671779097458e+03
5.650126117183823226e+03
6.475317037527175671e+03
6.757438275734626586e+03
6.174469545560674305e+03
5.932024973476217383e+03
6.365476348270135531e+03
6.613703770615165922e+03
6.567270949102517989e+03
7.553097873911772695e+03
6.763424580847177822e+03
6.098293536356854020e+03
5.528061384686689053e+03
6.459413739659672501e+03
5.827732471136746426e+03
5.188122877135892850e+03
6.203776403271630443e+03
5.715858723395997004e+03
5.118338347366248854e+03
5.597808426925909771e+03
6.018052045607834771e+03
5.778925446011582608e+03
5.459593073574947994e+03
5.107576226337348089e+03
5.493057827903948237e+03
6.701185470719945442e+03
5.972798795241783409e+03
5.378296568761632443e+03
4.770097865993283449e+03
5.582772752313770980e+03
6.591284688061707129e+03
6.669331914716969550e+03
7.158369862975418073e+03
7.271803521038405961e+03
8.316314079061045049e+03
7.916804835196234308e+03
7.842036152854632746e+03
7.448735256138288605e+03
6.696905473517670544e+03
6.016454490854969663e+03
5.949203255031223307e+03
5.746000480030864310e+03
6.519693172702443007e+03
7.589814572183522614e+03
8.119334686159498233e+03
8.108687571385323281e+03
9.076769765164164710e+03
9.042025694224337713e+03
8.264230464629157723e+03
8.208523377941544823e+03
8.964117301606635010e+03
8.177587642350562419e+03
7.361473914166330360e+03
6.630727976415053490e+03
7.423275853222514343e+03
6.682676695487533834e+03
7.554267647792667049e+03
6.881232051985997714e+03
6.172716162593155786e+03
6.960344244998076647e+03
7.245787415380023958e+03
6.521386579433547922e+03
6.099163512604724019e+03
7.308564907928724097e+03
6.624266655309384078e+03
6.237773764416457198e+03
5.643863824634477169e+03
6.845163474317763757e+03
7.882716091821564078e+03
8.772971389456848556e+03
7.896132541020262579e+03
8.308558474758787270e+03
9.057336785659086672e+03
9.308395621007930458e+03
8.375891145154675542e+03
7.551018588141729197e+03
8.353496454878342774e+03
7.531056535022769822e+03
6.778122039562623286e+03
6.059933199384962791e+03
7.090908528196006046e+03
6.541945136552647455e+03
7.487922566659955919e+03
6.737769997850904474e+03
6.657933750382196195e+03
7.555000631409985544e+03
7.842204200677007066e+03
8.530625554496024051e+03
7.684143557631270596e+03
7.220506025469278029e+03
7.600016099988431961e+03
6.830198888008504582e+03
6.147081332488669432e+03
7.278441403439361238e+03
7.339704422712626183e+03
7.608766653197124469e+03
7.003625012410486306e+03
6.422682712993754649e+03
6.706810849905381474e+03
6.098363238703788738e+03
7.264467938346309893e+03
6.661185746843852939e+03
6.627110830192814319e+03
6.049517506956143734e+03
7.009673224000395749e+03
7.208341060614005073e+03
6.867466378347353384e+03
7.920187267426576000e+03
8.990363961378388922e+03
8.103451268545126368e+03
8.808147522866289364e+03
9.466893104204666088e+03
9.344485102002459826e+03
8.394689274358592229e+03
8.124276287051115105e+03
7.512817772964422147e+03
8.263355964435810165e+03
7.571727291515344405e+03
6.973451806253317955e+03
7.548296417460116572e+03
7.502879693393648267e+03
7.478628920980456314e+03
8.050233700656953260e+03
7.245401203333954072e+03
7.348842973568151137e+03
7.968594364182739810e+03
8.041830454175918931e+03
8.796800254100377060e+03
9.671424527847006175e+03
9.559618016446549518e+03
1.002202751981558686e+04
9.012769957860416980e+03
9.426210917105050612e+03
8.473834685709880432e+03
8.476010884831106523e+03
9.351719297866073248e+03
1.011721134700568655e+04
