-9.871600756446708829e+02
5.036104171938190888e+01
5.005541343178387592e+02
-5.439902362278926375e+02
1.990878472260309877e+02
-5.925788958897478551e+02
-1.970544658006907071e+02
-6.786334459272791264e+02
-5.088601937798782160e+02
-6.304251924037509980e+02
5.412216148186702185e+02
-5.171346201028201222e+02
7.597510954699089325e+02
1.274326435553349341e+02
1.444989659899284334e+03
-6.905255389213348849e+01
-3.415458339681548523e+02
-8.037675097451515285e+02
-3.312994591376417475e+02
-4.166441520676492019e+02
-5.026130774059404871e+02
2.509842027487368910e+01
1.950910616922463134e+02
-8.848986782398955029e+02
7.181972392188743726e+00
4.859372308434563479e+02
-2.257832062320927093e+02
2.053673485801800780e+03
-6.516299808955104709e+02
-6.088181783632653605e+02
4.988437434871872938e+03
-6.490213698348082971e+02
-8.044857259664818230e+02
1.054932548498691176e+02
1.957663980362417178e+00
-1.100810031688248500e+03
-7.675654199871070205e+02
-8.143570616506912074e+01
-4.721089227299599997e+02
1.027250471237168540e+03
6.026451936323663006e+01
-4.423741016344361014e+02
-2.730898505403428089e+02
-4.241248726320934566e+02
-8.164976172648597412e+02
-1.341895099405263068e+02
-4.575328015310838055e+02
-5.896866410928110369e+00
2.160934422095559526e+00
-2.071314415652766172e+02
2.518986703758503609e+03
-6.888836828556435421e+00
-3.224971754358195994e+02
-1.393524392141208864e+03
-7.159829010072965048e+02
-9.427990777341332205e+02
-3.014878728833998025e+02
2.102377381175061899e+00
-1.287006782643023541e+02
7.711077161760390482e+02
1.153556366865676182e+03
-2.035345873499602760e+02
8.421625689913857968e+02
-4.862793654468395630e+02
4.907976418110448691e+01
1.019613214813260356e+03
7.040255243401579719e+02
8.256098551069469522e+02
8.365656137878177105e+02
1.323593942299508399e+03
8.879911925169250253e+02
3.870862278367966383e+02
-9.733330776296479314e+01
1.960008515979376398e+02
-1.054688035975659204e+03
5.007948652619143104e+01
-4.328763130740888982e+02
-1.838041224615335238e+02
5.175467848664254689e+02
7.452669245376754361e+02
7.672715129874168269e+02
8.822423045150410417e+02
4.963687047284763594e+02
2.323926785298353082e+02
6.350288005835542293e+01
-5.946162225270495583e+02
-1.467402910031206886e+01
7.779286206218357620e+02
-3.238741940925070821e+02
-7.344641213072144410e+02
1.119894236246806486e+03
4.287902063895666060e+02
-4.826279529115363403e+02
1.827730515095087185e+02
9.578336387091627557e+01
2.352075148586758587e+03
2.153866271601836857e+00
-5.998884610714244445e+02
4.507020738947574046e+00
-3.869222314456003460e+02
-4.901257747111085195e-01
1.254131106345468652e+03
1.718720498492523063e+00
2.606338295025374464e+03
6.029984528524256575e+02
-6.970386272932904603e+01
2.288543109936283031e+02
-8.446308340535355796e+01
2.281111808797920304e+00
5.664225151343266589e+02
-8.155429055514220238e+01
1.327485825182891176e+03
-7.641862696248593920e+02
1.911810224454371337e+03
6.882512798759447605e+02
-4.035696478243854557e+01
1.213584574619902014e+03
-3.134064695343554376e+02
-2.026478085463185153e+02
-4.495074861936954846e+01
-5.237221762253163888e+02
3.319402870818848328e+01
-8.503247957244519739e+01
4.765582659901583895e+01
-6.959369049214951701e+02
2.456351032803244294e+00
1.273128908005559197e+03
3.523727154410902358e+02
-2.426343967307720106e+02
-4.629615747888328769e+01
-5.993206413622505124e+02
1.083855928217668861e+03
-6.569599209133188822e+01
3.891090327709052588e+01
7.742164691593940233e+02
1.904645128237456504e+02
1.232262757052832569e+02
-4.977547909058893083e+02
7.131608392671256524e+01
-9.080476308723857528e+02
-8.074774922253573095e+01
2.106058321829709712e+01
1.184817536376050839e+03
3.975431977024213097e+02
8.926439445323244115e+01
3.335850719645333811e+03
-3.276089290260102871e+00
4.309155551242938600e+02
-5.418520605961538195e+02
5.414101471573608251e+02
1.404484777220228011e+02
2.220478050639958838e+03
-1.201569730571968080e+02
4.285911271930767725e+02
-5.546910732882945467e+02
1.101310483345774173e+03
1.595894125203978433e+02
-2.175284313844769599e+02
1.374186259091200100e+02
1.481363741418907239e+03
5.324511776290535181e+00
1.350201815810922881e+03
1.614604638562780337e+03
4.567046349959214240e+02
1.317687764036023282e+03
-7.561743961520149924e+02
9.155350500812586461e+02
-4.913029746496120964e+01
-4.402243709074211608e+01
6.223195559799891043e+02
-6.014841859631193302e+02
3.761436742947240077e+02
2.687572479855431538e+03
-1.658888860548158561e+01
9.941642212440424942e+01
1.275344389980185724e+02
9.108226186607186037e+01
-7.014312354798246218e+00
5.002378966121914061e+01
2.620630449829696431e+02
1.072047617678403185e+03
1.336828105175491828e+03
1.523019594929844743e+03
-4.442612113037887411e+02
1.116004088822579433e+03
2.319748394405875160e+02
1.490014045371937527e+03
1.873484994974482561e+03
1.612572672087602314e+03
1.401377677512758737e+03
1.203671712015174080e+03
-8.998108868586696190e+02
2.426868168330993740e+03
-5.601286770891581455e+02
1.231379551558499770e+03
3.260444670759902124e+02
2.700851488502704356e+01
1.164353347390514273e+03
-2.292636255074494329e+02
-3.122728973936682451e+01
-4.725215961213848459e+00
3.248590426506799758e+03
1.965593583490369610e+03
1.009608989127400491e+03
2.141575250886810409e+03
5.458198979596859317e+02
1.275899171737493589e+03
2.765711642424653746e+03
1.698402840166183523e+03
-4.775117283244284749e+02
1.080065281663287578e+03
1.925691299170065122e+03
1.088031133348728645e+03
1.592653165965897415e+03
3.557123315328446552e+03
2.755669232537626158e+03
-2.728600993915343054e+01
6.191981864868826335e+01
6.737625953190594146e+02
8.128610182027006203e+02
-2.120765901453838751e+02
1.411499905115126921e+03
8.751286487304668071e+01
2.741406553352510855e+03
-9.648882243325230093e+02
1.194401677728871391e+03
1.643591835338812189e+03
-4.217577128816435561e+01
7.593027038788433174e+02
2.257804473859196605e+03
1.897481970173066657e+03
-5.641420400346991073e+02
-4.691943463110431480e+02
3.443053633913009890e+03
6.093888670188914602e+01
1.110030638069669067e+03
-2.459631951176297378e+02
4.630992372049474397e+03
7.844085945749782240e+02
-7.141908297622846931e+02
-5.137926643683307475e+02
2.010286218645495865e+03
2.063972965961723276e+03
1.839016724464539720e+03
1.848217422873028454e+03
2.171473875963262799e+03
1.091039684427706788e+03
-1.086903024581136151e+03
1.456480705978195374e+03
1.529825757039404799e+01
1.651810447281138295e+03
1.329105164593886911e+03
-4.902898878783896066e+02
-8.276451529549245834e+01
1.458165467890293883e+02
3.206500853834588725e+03
-6.447193282282833025e+02
-8.999610338663646303e+01
1.217909484507867575e+02
-7.194710204259310515e+00
3.026456159828410364e+02
7.694928619816927267e+02
1.146359275899792920e+03
-5.896928687356933096e+01
-1.536219295841813981e+01
-9.805262405022884309e+01
1.424504138701891520e+02
7.637099610100981408e+02
1.368215652980900131e+03
-3.317756304886703447e+02
1.289221413968037268e+03
-4.352904234485803272e+02
-1.485140397074954421e+02
1.892415482734425495e+03
1.909026982792073795e+03
2.288230395959953967e+03
-2.892763532001382032e+02
2.496841261564499703e+00
2.020186510685091363e+00
2.164555831905669493e+03
1.571354806691423619e+03
7.691566916636254518e+02
1.356943107014627685e+02
1.598907573127361502e+03
9.140056778264151944e+02
-1.145402656986104404e+02
-4.192572944780218904e+02
2.089589206194332746e+03
-1.985176359438011673e+02
2.442877413840066765e+03
2.418292391494231651e+03
6.485815287250408119e+02
-5.386461313586053166e+02
8.479184556557117958e+01
1.516807121602324514e+03
2.795081536496396438e+03
9.285652032808681042e+02
-1.176031065567735823e+01
2.369666091802022947e+03
-2.027812907722659475e+02
1.099025486143679018e+03
1.323202426549611801e+03
-1.073273835649963303e+03
1.382871127513313425e+00
1.634668887116339874e+03
5.868308133786533745e+02
9.506952746159136041e+02
-9.170186825958440124e+01
-5.674389274735608524e+02
1.624270127448709900e+03
-5.869313950306917604e+01
-5.494692754268062345e+02
-1.091070052520469886e+02
1.798673169981962246e+03
-4.658995685196589989e+02
6.939326694965686784e+02
2.532219495066655384e+02
2.470594469358923462e+00
9.273121751530453594e+02
6.002315733427564737e+03
1.613225391716661079e+03
3.609863373722209872e+02
2.592552553580428594e+03
3.973135820240993894e+02
-2.356253000860090197e+02
-5.039662773883815134e+02
7.274373461092355910e+02
-9.700780618518037954e+02
5.876528966643930971e+02
1.736387012781418207e+03
-3.355242407150791450e+01
-1.229643852161009221e+02
3.099133112659420931e+03
2.451371476162996714e+02
-2.867716070365557357e+02
-2.458502298511094750e+02
1.067692042336307395e+03
1.783520110656084512e+00
-1.587888029907623491e+02
-7.809031584252750235e+02
1.483834168920597676e+03
1.215397235456347147e+02
9.403362706668998783e+01
-1.744177201239405122e+02
-4.762749505735074536e+02
3.448398560280767015e+03
-3.177453483713726996e+02
4.154740266263546005e+02
9.005373835787044072e+02
1.031035988906264947e+03
2.211476715664812673e+03
2.239928935992203151e+03
1.587685607557536741e+03
1.161877224463738912e+03
1.423414532160075623e+03
1.953589004529691238e+03
2.114175665440637658e+03
2.190610730302680167e+03
1.356165730529262873e+03
-3.815521452763676962e+02
3.870848470494718640e+03
-5.041262739274466753e+02
6.775234053320011753e+02
3.434633632585000385e+01
-3.358594116447028455e+01
-3.704188813275586085e+02
2.299043051360136360e+03
4.575763565302873417e+02
6.308803148378184034e+01
-4.433972593867820251e+02
6.327186713797876791e+02
8.793389574504933535e+02
1.929908103962549831e+03
1.661601429231393467e+03
-1.618489891431562455e+01
-4.532679000816960979e+02
1.029654451052327204e+03
1.801202561376254380e+03
-1.200949583118608075e+02
-5.060903091460434098e+02
9.224011199290612240e+01
-1.249980709408773691e+02
1.136651002965409702e+02
2.058221092958099689e+03
2.213779676874191409e+03
1.493359764522098658e+03
-5.925006283054166261e+02
1.758615737890861510e+03
2.658369319098260803e+03
1.621198924416373757e+03
2.748492570922540835e+03
2.643829160831589434e+03
9.539068037437814382e+02
-3.768833723690683257e+01
1.112210405802501469e+02
1.406640029514710477e+03
7.474857807579951441e+02
1.764912323802663650e+03
9.402321469802632237e+01
1.402283576902829736e+03
2.234630105347641802e+03
8.455984760079693388e+02
2.177507967264915578e-01
1.889684063879307359e+03
-4.041598985428804980e+01
2.785220274350814634e+03
6.549310180899093439e+02
3.250924310523750194e+01
1.155985510540475616e+03
1.731180495092820593e+02
-1.297942062021442098e+03
-5.590989408261002325e+01
-1.071312182426583206e+02
4.743889561899066393e+03
1.551485005805236881e+02
1.171902084298437785e+03
-1.689962216924084260e+02
6.867204872523657855e+00
6.376491756581417576e+02
1.759319491818956294e+03
3.459857967838198789e+01
2.456408880905092701e+03
4.702576419819578405e+03
4.978284665714388211e+03
4.526845460879848360e+03
4.376636705639824868e+03
1.120785004110611681e+03
1.842837147072539210e+03
3.833882090949297435e+03
-4.901795892454074419e+02
9.452568310075309910e+02
-1.149385135992297080e+01
1.082696062228898882e+03
5.674409098572243238e+03
-5.546660480362838825e+02
3.291215031335781077e+03
-2.037464578986374875e+02
-5.401499038135165165e+02
4.408872496828917065e+03
6.287781926341409417e+03
4.272769302758285903e+02
-4.089740636279716313e+01
-6.118292998930872955e+02
4.316415091655445622e+02
9.123497556205984438e+03
-5.663606072622960710e+02
-5.385361513551831649e+02
1.009952395960457693e+03
9.453369860585728020e+03
2.742911698757450722e+03
6.228129848955992202e+03
-7.052985733675278368e+01
-8.449317217419400450e+00
4.776496871684194048e+03
-8.242295366743152840e+01
1.309602681413263383e+02
-1.457591845276240008e+02
-6.091908221869469031e+01
-4.348892687029156150e+02
1.737744059254622243e+03
6.993953623532513575e+01
8.267629326766781332e+02
6.153407515949722892e+02
1.107404816532156246e+03
4.735032965410569886e+03
8.778393311980050839e+02
-1.141835073278332118e+02
3.221759967071085612e+03
3.188324826147878412e+03
1.262309317733826077e+02
3.880964555044293775e+03
4.615058129584752351e+03
2.208223977370766079e+03
3.833303755610644203e+03
-6.748008573330141644e+02
1.057025340784745094e+04
1.385123385797587048e+01
5.655951168710923582e+01
7.746115150868515542e+00
5.456806158605824749e+03
3.576525568701665492e+01
2.223163661841507292e+03
4.317269478419566440e+03
2.804878740526379488e+01
1.144621238520766383e+04
-1.858022076650902648e+02
2.468290240722380346e+00
1.429938155504608858e+03
8.510798077791219839e+03
-5.701127442074385954e+02
-5.149474338800961277e+02
-3.801285135683424983e+02
9.660839836978061612e+02
2.527019733116522104e+01
4.952852252458787916e+03
4.063813183290129018e+03
7.364733957770992845e+01
-2.676991099148233388e+02
9.743168126474340625e+02
5.011560286402526799e+03
6.372496041429020806e+03
9.843028270792451622e+02
1.721459393041300530e+02
-8.186195924804003710e+01
1.004327106888210437e+04
8.621743435753573976e+02
5.320924500687693808e+02
1.110557264708136245e+04
-1.328731706023464199e+02
8.778144931355532208e+02
7.682321009691452673e+03
2.930985404552313867e+01
1.610590390560870162e+02
1.115379507478599237e+02
1.390896561055826169e+03
1.205305632313195019e+04
-7.659916978203950748e+02
1.702337711862346396e+03
1.786826847210730193e+03
-9.203795542312200268e+02
-5.908572416581370135e+01
2.394014944684005854e+02
-5.003205030327440568e+02
5.062075916264461171e+02
5.612539038293325575e+02
-7.588956857301335504e+02
5.005172608273302330e+02
4.838633460240228487e+03
8.792036020280535013e+03
7.447107542055465274e+03
3.780452870233526937e+03
-8.990529834951536259e+01
1.731525999815441992e+03
5.215886454323969019e+02
1.210312433844552515e+03
8.005835765272298659e+02
1.008729565055994044e+03
2.432671332761178746e+02
1.650923760660120934e+02
5.164842324584431481e+03
7.675627340231976632e+02
8.599592619262247126e+02
2.365702598175061212e+03
2.454229976785160488e+03
2.619609130445828669e+03
7.726158635335609688e+02
1.993769805029079862e+03
-9.755681734364387125e+01
8.458886072403211074e+03
6.595449490398429759e+01
8.277331270232483575e+02
9.938052009638900017e+02
1.750790515119698057e+03
-5.506944767549969129e+02
3.296877008126879446e+03
2.890143270918273174e+03
4.315510808560764417e+03
-3.124624425167645541e+02
2.431381155277643302e+03
3.872899821516085467e+03
1.007577772565332168e+02
-2.496170371665767789e+02
-8.167187307619648209e+02
6.417229216274838564e+02
4.402578899312113236e+01
2.453092308812058491e+03
4.147977024628704044e+02
1.070179766492525960e+04
1.052401313238907460e+04
1.499021688153919058e+03
6.445549104796871234e+02
-5.562335192878225598e+02
9.198543451723013277e+03
-6.389535142932226464e+00
4.342194808178201129e+03
-4.168570770870796309e+02
-1.049705667199597883e+03
4.392831954445520751e+03
1.074053081769605888e+04
2.666202115931864228e+03
6.881020303126281306e+02
1.818628976796652296e+03
2.324144961432472201e+01
8.759803805838947710e+02
5.644314310725624182e+02
2.478396333530344691e+03
8.344000426099070182e+02
-1.715156997749889456e+02
1.809859059491246853e+02
7.636197961491612659e+03
-1.691487295409758218e+01
3.360309402016492641e+03
3.497189434678140515e+03
4.945992401349184320e+01
3.355043678784772055e+03
-9.811220353336838684e+01
1.418436218505481747e+02
8.741716386143237969e+02
7.548041961402690504e+03
-6.776973275774858507e+01
2.835889841573060721e+01
-1.555372000089112738e+01
7.158768595507347072e+02
7.839837034180499131e+01
1.241210604633456569e+02
1.857142812626522300e+03
-2.412989654693963644e+02
1.247986038932698875e+03
-3.794949827797904618e+02
2.434054055954488760e+00
2.741824074895811464e+03
2.145128581410310744e+03
3.691552348397726746e+03
1.925448284791946662e+03
3.147784477405439702e+03
9.771893556963157152e+02
1.171440320348830573e+04
9.083434903479395928e+01
1.349574989922679379e+04
-2.421373377723456883e+02
8.105527044027073771e+02
5.462156717611352178e+03
-7.426422091583320935e+02
-2.928741135583147752e+02
1.238829841872692441e+03
5.094097111882640547e+02
2.345945822663052240e+03
4.129008544812439141e+03
1.188770926204075067e+03
5.821568692787087457e+03
-5.327542117907082684e+02
3.553643981299613642e+03
2.661066815185302858e+03
1.938984439327053451e+03
3.688194266275372684e+03
2.998458443823086128e+01
9.445785295629462780e+03
1.000919425569541090e+03
2.655748745327533129e+02
6.622276387470586769e+02
-1.345895803286276760e+02
3.542873104783038798e+03
4.199546694233971422e+00
-5.819732639315403731e+02
-1.230840943852976181e+02
1.683038840881762042e+02
-1.856748113184795557e+02
-1.377035354268019773e+02
5.813242034591873562e+03
-4.200511773723371789e+02
4.335895137172815339e+03
2.435103297460019803e+03
7.728058572092420775e+01
-1.535145655208027051e+02
6.233069943118915944e+03
1.097329242204902584e+04
-1.895081121542896767e+02
6.823079176753101819e+03
3.303247005235911274e+03
1.009872581656787474e+03
1.046061118676328618e+02
1.012510588819257100e+04
6.552110331328518441e+03
6.399653797898507037e+03
1.415794804829954046e+03
2.241621118886590125e+01
5.886323372194858166e+03
3.646830237201981618e+03
8.064808772084603333e+03
-3.074103597443187397e+01
-1.231548365219918395e+00
7.647102135088583964e+03
6.312958057957306664e+03
9.280647123629623820e+03
7.952908244192738493e+03
3.225494412816103704e+03
7.666174552149297597e+03
2.736859922593417593e+01
3.728922654006878474e+03
7.813760610930759867e+03
-4.660910130266316287e+02
1.600750427188147285e+02
-1.456053122458301345e+02
3.220526192741074738e+03
2.610206321232212304e+03
3.011548331558450172e+03
1.441327877523926509e+04
1.972036346808908547e+03
2.079156989133494164e+02
2.872917856548970121e+03
-7.597365763196302169e+02
1.684314734857540316e+03
-2.576935425383996403e+01
-1.069645689810568456e+03
9.951158569382841961e+03
7.940551851982140761e+02
1.630154998417477145e+03
5.329945502245838895e+01
1.985216955449652460e+03
2.597395013330320580e+03
1.193134825582209032e+03
8.311229347635276099e+01
2.752168818877389640e+02
5.384238982013190480e+02
3.622251172860528186e+03
5.616242254015450044e+02
7.340255458608332447e+03
3.049723181361850038e+03
1.721524682550775509e+00
1.440144318150447589e+02
1.113732478919012237e+03
3.702174677945785334e+03
-7.297430567589577421e+00
6.812212448781310741e+03
5.617538549557083627e+01
1.691070341701863811e+02
2.665314051869266223e+03
1.215448575632171560e+04
2.963178983878092822e+03
-5.152597301973464710e+02
1.448220567708788803e+04
1.359095311364427232e+02
2.598236369278067741e+03
2.452223785293581841e+03
-3.123038071075056621e+01
2.559947276065004189e+03
7.751155290417227661e+01
-5.429776161896759845e+01
3.253253136287929010e+03
3.613114437909298715e+01
2.194260001651741732e+00
3.264241748065816864e+03
-5.046247319408888075e+02
3.301036957939949389e+03
3.481075802381081758e+03
-2.709879175553717232e+02
-1.791349908006874330e+02
2.519764329109743358e+03
7.159621134641940898e+02
-9.829457560200782495e+01
1.405881650446012827e+03
-1.600267830091208907e+02
2.095427493637706448e+03
7.418912830699826372e+03
1.889425806716443276e+03
1.870993318302544367e+03
7.928007802108102169e+02
-4.415083628368353743e+02
6.535802863220692416e+02
6.267590788310095377e+03
3.954564817232793757e+03
-2.503297598048740724e+02
1.808175231312570190e+02
8.337760708036896631e+02
2.786974749838063872e+02
1.149448211016545611e+04
3.006485625411293313e+03
6.894181320895010003e+02
1.269751039515096818e+04
-1.847595950116280221e+02
4.553994926671656685e+03
2.044177365810377012e+02
1.401457350879888963e+03
7.437993640411576052e+03
3.697643281746715616e+02
1.829166806787227870e+03
4.177003360166057064e+03
3.345589603925155188e+03
3.925143261846446876e+03
3.648370910600493971e+03
6.144464318833608559e+03
2.419438412631084248e+03
2.926644003401457894e+01
-3.344874984273246810e+02
-7.226627787319009713e+02
-5.185952809993186747e+02
4.284781828098093683e+03
6.036069005305784231e+03
4.357405883270924278e+03
4.469866167684362068e+00
-1.658818858609315612e+02
7.973581843027877767e+02
8.325318516235171273e+02
-6.143981642166035329e+01
1.003149340786984340e+03
1.322173743570029364e+04
3.836351043522939108e+03
1.414026347780041215e+04
1.266580833996551547e+02
8.651385637094113008e+02
7.067359670305262398e+02
6.653834459513473121e+02
1.703882312706110014e+00
1.027381762949832046e+04
2.810846724362657824e+03
1.081261197103022641e+04
-6.774652392375915042e+02
-2.069626699375018291e+02
2.183129445686397219e+00
1.032793134488162679e+02
5.430396986468899740e+02
-6.407333162066937575e+02
6.404600268531689835e+03
6.340963058701565842e+02
-9.315262301534932021e+01
7.641757132252409065e+03
4.581839924813928519e+03
-8.594767194007653188e+01
6.834672475579787942e+02
1.455703647962783180e+03
6.829683504807239842e+03
1.558534823160546239e+03
1.391596089446236874e+03
1.494674228175323833e+03
9.382867829893437374e+03
2.156750472574131550e+02
1.194921588107285544e+02
1.310527791965246934e+03
1.512049276123445634e+04
5.516921613139594456e+02
9.500815646427739694e+02
1.741680177896700172e+02
1.500009266944003321e+04
3.360334448302048258e+03
-6.180757523623319685e+02
2.417181677588619550e+03
8.559874241974279357e+03
1.203743463991428507e+04
8.208165667092107469e+03
5.868955424984332240e+03
8.650639267092790305e+02
7.229712580470561534e+02
5.026243969021684848e+02
4.532126933566220032e+03
1.491416529777826554e+03
1.298672258263112963e+04
1.575563309352801525e+03
1.295950590008673316e+03
1.458289277283113188e+04
1.326725202859078934e+01
-3.029434677772619011e+01
1.325373422570090270e+03
-6.855238658600901545e+02
1.298241056020851829e+04
3.478036865662684818e+01
3.041891284990641111e+02
2.463988186737162323e+03
1.515695197531281883e+04
1.830541623997868101e+03
-1.121254203181198505e+02
3.251999209631866051e+03
1.656453081116617795e+03
7.698170729993684290e+03
4.803655553715454516e+03
8.678268289276263658e+02
1.406324030783347189e+04
-1.135642124568897771e+03
-2.603122071094329044e+02
1.650738551026763162e+03
2.664908837328556501e+02
-4.537199096771417430e+02
7.092742490617026760e+02
1.293497219581434911e+04
3.137558458756395339e+03
3.323976085826177041e+03
5.970317618990865412e+03
3.917007114666708958e+02
1.956215778080957762e+03
1.685852738524416168e+02
-2.225512068291640730e+02
9.272645754078945401e+02
1.009329873893312833e+04
7.514706190445774610e+02
1.691889585474877094e+04
1.039471323393430430e+04
7.775144352237023213e+02
1.918982814767675791e+02
-9.828708996416705190e+01
-3.921992290043193208e+01
-8.268042403714694899e+00
3.347064499564387461e+03
1.279752435938129111e+03
1.761552215580354641e+03
-3.073965439643637865e+01
1.756527317458888501e+04
3.092647911297689802e+02
1.666113929964272393e+04
1.921897007702475776e+03
1.268844619912236112e+03
4.893491042760767584e+01
1.054320110044583771e+03
1.134110078714275460e+03
1.185577989928635361e+04
5.127263277160201142e+03
3.544147061752729769e+03
3.395342907069736157e+03
2.246105691754033614e+03
4.811178407504373354e+03
-1.993552826254865522e+02
1.336825695838808088e+03
8.773399735570061239e+03
2.140375017449167899e+03
-2.159677991982273682e+02
9.491703136439326045e+03
9.189474674493014390e+03
9.610285499146921211e+03
1.377493873197699031e+04
3.134027486077014146e+03
1.628950867629840650e+04
1.702591790401016260e+04
4.256040870511287721e+03
6.953764812419912005e+02
1.170911711490034941e+04
3.263550751519795995e+03
-5.009613704725759931e+02
1.620126029342522543e+03
1.072761816267101587e+01
7.152316202434175239e+02
1.466510543228726965e+04
1.281154649161210500e+03
1.672189562953976065e+03
4.519934613657853333e+03
9.713137221072290686e+02
-5.047248881486820693e+01
1.433904337480619915e+03
1.103217599506767101e+03
5.602902360645118733e+02
3.644795426533833194e+01
7.915360773783637569e+02
7.397458268909635990e+02
8.377376901760744659e+02
1.620831736517480408e+02
-1.403490740070680829e+02
7.805778428299244069e+02
1.535209868588690006e+04
-3.934628009463274907e+02
1.026232770213298693e+02
3.096117628893132860e+03
9.550553773807841651e-01
1.976509977807119753e+02
1.997421683971723269e+03
5.588712178452896296e+03
4.162765021691837319e+03
2.588187094901782984e+03
4.709021822589296789e+03
5.510045564635038318e+02
1.788587482642685700e+03
-7.308234025330436907e+02
7.993938196794429132e+03
1.254182019516810840e+02
1.280518539041361146e+04
5.666633567121871238e+03
-3.106910667088700961e+02
8.928111048235159615e+03
-1.189277968793145874e+03
5.232421452596034896e+02
-2.471962439555290416e+02
-2.901801511889970016e+02
1.423936165502113340e+02
6.322185534605480370e+02
1.833619822372707404e+03
1.238839253377824889e+03
5.653276880831222115e+03
1.054279053357268594e+03
-1.684356314386785414e+01
-2.714604245842544117e+01
-2.232324776754653612e+02
1.858629443874907849e+01
1.265104415985111154e+04
5.970261334992087541e+02
9.435612613025598705e+01
6.883990735707381646e+03
1.022382832499706979e+03
8.546076524617568793e+03
8.579233490179343562e+02
2.007746891978658823e+03
-7.408462041285042687e+01
1.163476951975478914e+04
3.302648898735219518e+03
-5.109972217044987701e+02
-4.886546390591525437e+02
4.719658718528695118e+00
-5.255338125281751900e+02
-1.323010307459517776e+02
9.757506170982174808e+03
-4.131509486613776971e+02
1.080589585697468692e+03
1.318501357617808765e+02
1.753842302281688944e+03
-9.750488197020966652e+01
5.899601206997496092e+02
6.312683600734683296e+02
2.126708078498374562e+03
3.573149696585002403e+03
5.233218826836956623e+02
1.110093096724572752e+04
1.980612482432124125e+03
-5.620946380954617325e+02
-4.557940720691097880e+01
8.906321991112019532e+03
8.894464920848865574e+01
1.911901063600196267e+03
1.108528578420606937e+04
5.530414374913866595e+02
9.543647952468974836e+03
3.389276114348023384e+03
1.469915513691031265e+03
1.435997472592465556e+03
1.463150294639833737e+04
1.456171412696812695e+02
1.036658874101718311e+03
1.232548985272370146e+03
2.800026985511441580e+03
3.025339660334568180e+03
6.115122566991688473e+03
1.280814279554628411e+04
7.762588672778413184e+02
1.918212795637467934e+03
1.670439874636897002e+03
-4.985311077257044872e+02
4.506268564812847217e+03
7.022048995792952155e+02
1.351143075101968680e+04
1.090465160943712846e+02
1.899746076398806508e+03
1.542478619231501852e+03
1.963576334809061336e+03
3.146930881044978889e+01
1.509625627128091764e+03
5.097776350082537647e+03
1.341320748980095595e+04
9.099852726821529359e+03
4.387880846833991200e+01
1.357523258906348929e+03
7.103268378203663360e+02
3.044160085642400873e+02
1.532421065885104099e+02
-5.052939415626872233e+02
1.118996704520064304e+04
9.179618621965006241e+03
2.669019755900291102e+02
8.595277206497727093e+03
5.855316942169775757e+03
-1.024830060197622288e+03
6.722881826190044876e+02
1.993744111404208397e+01
2.483243540613285859e+03
-3.048851229503337379e+01
8.367257947853746600e+02
1.887139421950936594e+03
-6.990933785151369193e+02
2.271990093409100155e+03
-9.789266646759250534e+01
4.596666203181418382e+02
1.112945134016747943e+03
1.231032731048557309e+02
1.849668726190368943e+03
1.193496766092858479e+03
4.889276652381687200e+03
7.318982208985299849e+02
-6.583909309170898894e-02
6.147296900501376513e+03
4.286988900411253667e+02
1.220426068707988634e+03
1.564652156520299968e+03
2.377480352761068843e+03
1.343473255045423457e+03
1.177453377970124893e+04
7.899918036893940325e+02
4.418302226622101898e+02
-5.602023145292280333e+02
7.034114960944340282e+02
1.641119199857018202e+03
7.016671900324190574e+02
1.274494151270161456e+04
8.862459378951891722e+02
1.173003925779572910e+03
-3.518876521579281871e+02
2.291274781588408132e+03
-5.119608966043409737e+02
3.210375506624016850e+01
1.618358607848926113e+04
6.236625277176245618e+03
-8.290219552981653806e+01
1.487947821513472718e+03
5.389412196264541990e+02
4.891914759409111184e+02
2.588781110341895783e+03
6.602602227209883949e+02
8.716835616519570976e+03
2.882535563800375257e+03
-4.449572903920784483e+02
1.724925355275597030e+04
2.429788994614004878e+03
2.570147499968657030e+02
2.623888734950722210e+03
2.722806626452376804e+03
1.137506198246112217e+04
7.594868483361108247e+02
-9.634326261623446044e+02
1.252130530764979994e+02
-5.519970178925546378e+01
1.665272687596279502e+04
1.107383871973409623e+04
1.365260764678797022e+04
4.116580403897175529e+03
3.406080081673611915e+01
1.263151960807040041e+03
3.365661015829386429e+02
2.338155927720656109e+03
-1.693594688331819498e+01
1.355073117888699198e+04
2.524844946378442728e+03
1.185976171309731581e+04
5.455163344843997038e+03
1.269070587332366085e+04
1.744572943249994523e+03
8.591802947812693674e+02
9.566671556064613924e+02
8.793021793082366457e+02
1.163318581708071861e+03
5.880275253678577485e+01
1.166383111146334613e+03
9.093070665040971789e+01
2.007191574737669953e+03
7.921170841022193372e+02
-6.986694764339944186e+02
-5.434526693319609194e+02
-8.006513413886964372e+02
1.697456514256123228e+01
1.487973316033923084e+02
1.012463832238575833e+03
-9.309511843876788362e+01
3.251887321477135174e+03
8.600557315239444733e+01
4.657861746593922362e+03
1.621703508497237090e+04
9.706924065890882048e+03
1.881687496054226756e+02
6.892989961352327555e+01
-3.278892095285327173e+02
2.082624235007971947e+03
4.027381722471000103e+03
2.249636493988630718e+03
3.427305996395909915e+03
-4.313359034781655055e+01
-3.871811646380724596e+02
3.358321207238393981e+03
1.536864392832968588e+04
9.850043005628640458e+02
1.622100919661685111e+04
-4.679973359871266325e+02
1.389870254102152285e+04
1.315043312162420079e+03
1.442494645631556887e+04
2.738368788721579222e+03
8.880154820065340573e+02
1.504780712535822659e+03
1.850618819591682268e+03
1.750575234454144947e+03
4.843360065548882631e+03
1.317042624810753004e+01
-7.789263493753492185e+02
1.117485568339797646e+04
1.803020032214844832e+03
-2.432260183320481133e+02
2.489269572816117034e+03
1.833576916023690046e+03
-4.289495769257291613e+02
1.268552485455094757e+04
2.234285004812231364e+03
1.403523761106477650e+04
1.109738315280041752e+04
1.923732118903725308e+00
9.757472431410527861e+03
7.959664784568266441e+03
1.043319788018462987e+03
1.264684476502323014e+04
9.041208571874354050e+01
1.565853020019397627e+04
1.076912354441937850e+03
2.042384666595760336e+02
1.477242223286267517e+03
-1.283938069989697397e+03
1.381799959985055466e+03
2.551850453728644425e+03
5.739149095367297377e+02
1.336427861409047364e+04
1.201583785995510880e+04
9.355236793327967462e+03
2.701117344098084686e+03
2.974601801803283252e+03
1.173536915812967163e+04
1.830426023484729058e+03
1.230238112022657151e+04
1.571706733246938893e+04
2.689634265486268305e+03
1.187293403715667773e+04
2.962476650441831680e+03
1.530602032841793334e+04
1.109066733549607125e+04
1.271562747495948770e+03
8.818954806760460997e+03
1.144549408335343105e+04
1.563328539058340994e+03
1.515686454089421022e+04
-8.087557272556227872e+02
1.121312444165586021e+04
2.526682802823709153e+03
8.193994567578197348e+02
4.621150353059993904e+03
1.537068954683708810e+01
9.496130236808008704e+03
-3.869618415317276572e+01
1.356864183983380281e+04
8.721819745488004628e+03
1.804028173893737517e+02
1.402933560256268174e+04
-6.760170421288662510e+02
2.717556262644193339e+02
1.131846363840720733e+04
1.231933347959620733e+04
1.218026165819992821e+04
1.609991786904744185e+04
3.067329147954669224e+03
1.268789340317117194e+03
-5.680333062822119246e+02
1.635321520138431515e+04
6.126661529149772889e+01
1.415579042938242492e+04
1.145409967533269628e+04
2.180150484752211071e+00
1.395223373334384996e+04
-9.824616316149733564e+01
-1.615782756793209529e+01
-4.739510322784382765e+02
1.493402178271585944e+04
1.393183637941992492e+04
-5.935358636446464971e+02
4.829495773624113895e+02
2.657927112738606866e+03
8.617669384107592123e+03
1.348053548534098809e+04
1.220909794668890390e+04
5.530294297203392944e+02
8.585937893153688947e+02
-9.560267299973401123e+02
1.112153914379735943e+04
1.278712055045025772e+04
4.948536919971855355e+02
9.798992781721974097e+03
-3.224810226336806807e+01
-5.686178477994567402e+02
1.268857681795452436e+03
3.588497446398459488e+03
1.554321673598687084e+04
9.931886372539805961e+03
1.089590618475548945e+04
-4.128442821800359752e+01
6.924475204480363573e+02
2.031933089885323085e+01
-6.149981769313925497e+02
1.225384845147961278e+04
1.215320480843655986e+02
4.502703427291341541e+03
1.205243804340574752e+04
1.371276397972661471e+03
8.787765374820175566e+03
6.433754365921749923e+03
1.764815095435417606e+04
8.925906847966214627e+03
3.171841065060552410e+03
4.941181249597538226e+03
6.640497876143332405e+02
4.174070624071771817e+03
1.273407733180591066e+02
-2.685659823601246785e+02
7.395871212308220493e+03
-4.267334333892426912e+02
3.281247447266526251e+03
1.037358604279540941e+03
-8.321987091325307517e+01
1.100287142105847948e+02
-3.371420807962545041e+02
4.466114264482888757e+03
1.242575308807324473e+04
1.276618894915234887e+04
1.630613438313112056e+04
1.201698401776824358e+04
1.166531152601459780e+03
-6.785196918802171240e+00
1.148211417577571410e+04
1.325832637043838758e+03
1.292288683246497203e+04
1.393225810025456440e+03
3.040567823011755536e+03
-3.032177152509180473e+02
1.368671557271965867e+04
1.088319784819170491e+04
3.169785828090728501e+03
1.363542242702215844e+03
1.342412839328297559e+04
1.620697626634875087e+04
1.078114479987654704e+04
1.164533055870821272e+03
1.243894817793119182e+04
1.118001077706270917e+04
1.297020911181236988e+04
2.004019623768114116e+03
5.080383959425573082e+00
1.231365963098079374e+04
1.307625115910436944e+04
6.934993739559904498e+03
1.497437180265066672e+03
1.188973289657980968e+04
-3.826835884093806044e+02
1.703281553293830802e+04
1.407156023575967083e+04
-8.386924155586291363e+01
-6.265877624700922865e+01
1.289645199037379462e+04
1.353441620375518869e+04
2.466990223478102052e+03
2.203386066633649079e+03
4.494062921867565819e+03
1.179432464340667320e+04
7.113568555774572815e+02
1.037914321419140651e+04
2.734252295327255069e+03
7.944373917214288667e+02
1.040704493457333683e+03
1.223668102834554884e+04
3.604716200276531595e+02
1.435335973977137655e+04
1.201231183843434991e+02
1.265572679706090094e+04
1.264280406993769429e+04
-5.091464200484158482e+02
7.260768309577388209e+03
1.956699000941699751e+03
3.122646903367710820e+02
1.803030590621197462e+03
9.089180866707368978e+01
-7.274318382663101374e+02
1.261891445267904055e+04
8.150416895057730926e+01
3.127571402195489554e+03
9.151555808213182900e+03
2.283500084023418140e+02
6.420551978541745939e+02
1.215921496930349122e+02
9.922992445366911625e+02
7.978733539872760048e+02
4.703616765354083782e+02
-5.273167646730236129e+02
5.554339802600642315e+02
1.845714363266807140e+03
4.908202208508864572e+01
2.435104977487011269e+00
8.274695984294179652e+03
2.434786835740795141e+03
1.135979595936105579e+04
1.047109146056032478e+04
1.186544076294079275e+02
-1.764625315282475526e+01
1.118790109762301836e+04
1.043755880443375645e+04
8.818788971507017777e+03
-5.472017596267835415e+02
1.197312385561569499e+04
8.225028076264093215e+02
7.944473076182189288e+03
1.206476563164380423e+04
1.215143542213123146e+04
5.918286970007336549e+02
1.166791817264663405e+04
1.014374100530199939e+04
2.292531550531351513e+03
-2.857783047446117308e+01
7.150762271320559194e+02
-8.864664339999207243e+01
1.286629611181885366e+03
1.178200224409132716e+04
2.132718815751257324e+00
2.137784839965463135e+01
3.655545500427525099e+02
8.574411925195938238e+03
1.278800745119601601e+02
1.255257052698817461e+04
-1.072367738224966843e+03
3.234016230480998729e+03
7.009425717708521006e+03
5.156616952581937312e+02
-1.070343868634752198e+02
4.625237026792427059e+03
9.154394644087586812e+02
1.255323098076794668e+04
-3.606572583525294249e+02
1.037041026970554412e+04
1.399104409704538557e+04
9.216541546616831511e+02
8.539110237169981701e+03
1.195664773782862085e+03
8.011456896773536585e+01
8.048983556553783956e+02
-4.674148798446374826e+02
4.072037266916683166e+03
1.112628641393746875e+04
1.025892474386906179e+04
5.324004182825296994e+02
-5.158336468054530997e+02
-6.925897016306572596e+01
3.063104510109322973e+02
7.647371689243842638e+02
5.769034154989689114e+02
2.659032491388698816e+01
2.346447886174077212e+03
1.121211092317811051e+02
-6.408301998258274352e+02
6.027507942689112497e+01
8.347003981522235335e+03
4.757569953812273525e+03
8.037202560160614667e+03
9.082694399429979626e+01
1.224996952089124534e+04
-5.451235754438961578e+01
3.832849185429475710e+03
1.044228752082798053e+02
1.141937764555257075e+02
-5.322039798694213459e+02
1.475943504521230716e+04
8.949808236328506609e+03
1.233619794784461556e+04
1.114000543721978431e+02
6.489091013584734355e+02
1.421649679427258661e+03
-3.447247400424936359e+02
3.728703533733103654e+02
1.110332693728481354e+04
1.019603079245094523e+04
-4.977188670208761891e+02
-4.829097266312173815e+02
1.277657309606423587e+04
1.877317671441547304e+02
2.234336902225692938e+03
3.753369011715084525e+03
3.554115399103196523e+03
6.947308074120926449e+02
1.412962873681115070e+02
1.049276732587120205e+04
7.956082698410523335e+01
1.716823203792322659e+02
1.086395813681050555e+02
1.498627542902410460e+04
2.176948362243277643e+03
1.180822890557506616e+04
2.140515950126350162e+03
2.462917507675379511e+03
-5.218014286568031821e+02
-9.802552231160404972e+01
1.390669665234756394e+03
3.509061981244459730e+03
7.147363491750999174e+02
1.135535795732910447e+04
1.429517550549832663e+02
8.299971892714886508e+02
-8.903452116848632159e+01
-1.566450358328547736e+02
5.213758995868627153e+02
7.014350090710723862e+02
7.643284196120438310e+02
7.470803827680083486e+02
5.844018385319023992e+02
4.357286991255527937e+03
1.160179319257562020e+04
-4.872998195506516339e+01
5.366864322148093152e+02
-4.458326973862985199e+01
1.130939158407037030e+04
7.130254180483382243e+01
-2.081370737086413669e+02
6.710933149932582182e+02
5.473206622242367985e+02
1.793876147591508470e+03
-9.804944185508303178e+01
1.576976070982422243e+04
1.109982840801044949e+04
1.207672988172330770e+04
6.055592755364507866e+03
1.073591143454188341e+03
8.517199171994444669e+02
1.024447970126763175e+04
9.722219538701040165e+02
3.686054042615793378e+02
1.127406586427811453e+04
8.145213635627582107e+02
8.557365309462133496e+01
-9.755331662428659456e+01
4.035275069971475205e+03
-3.041656803107635483e+02
9.068300130915607951e+03
-9.722133404860294377e+02
1.866968005914482376e+01
1.844152298873638074e+00
2.879155711555247308e+02
-5.018186867861877545e+02
-4.269551823668218731e+02
9.839049810088778258e+02
1.930656161864956033e+00
6.828381200080717463e+03
-1.335506874367828090e+01
3.557874688026567583e+03
3.231898557719451219e+03
1.328023421326317248e+03
3.071429501931510003e+03
1.319498468254724912e+03
2.809157652226023856e+03
-8.411478452554831620e+02
1.410054685247091300e+02
-4.057374410779387972e+02
9.397383274826680122e+00
1.585541248451620788e+02
1.293493207029728751e+02
-1.719814722010276853e+01
1.949674761329088597e+03
2.053427783553473091e+03
-9.220200481887482979e+00
1.483004520808015286e+03
2.940065007928607884e+03
6.037282327552468359e+02
1.906810197950409247e+01
2.512101041430558013e+01
1.101013824515428678e+04
9.868959364196069146e+03
1.267539104802217662e+04
6.323099581418480739e+03
3.049496961616974886e+02
3.384368171656414574e+02
1.168532434113539057e+04
5.140425904145463392e+02
1.774762255515829779e+00
8.422648188868055513e+03
1.208945281174981801e+03
7.885408006432046022e+03
7.443702079284728370e+02
-4.847117191109182244e+01
1.491094236077181222e+03
-8.989173051990101158e+02
7.391622579531661358e+03
8.715625950978257606e+03
1.190956956066488783e+04
3.790495361320791289e+03
1.595909942086396313e+03
9.876173703996686527e+03
1.237010022815262573e+03
3.536924924801904524e+01
-1.301658214758818986e+02
-1.879311084834914141e+02
2.283532412585958582e+01
5.567072062789136908e+03
3.992690392593902743e+03
-7.522042810529877670e+02
1.747794659311391996e+00
7.231101093866867814e+03
1.185231613017486234e+04
9.117653571911527251e+03
1.716332028545103583e+00
2.614616152142041756e+03
9.564181504414034862e+03
1.327360747636859912e+02
2.753472654293324922e+03
-3.092895994076774286e+02
7.006021788443443256e+03
1.316033552460223473e+04
1.442476348413310734e+04
7.260702380089332109e+03
1.045945843864148628e+04
1.484203328994162075e+04
1.565156591634809729e+03
8.867231982259439974e+03
1.121902415195182948e+04
-3.520043184238835465e+01
-3.981712114579862032e+02
3.431051028963874160e+03
-9.512829188545343584e+01
4.065151653086164970e+03
1.775486363095469144e+00
7.766121877409411354e+03
1.108891022309973232e+04
1.351697890229422910e+03
1.851050158137904191e+03
-2.082040600582834884e+02
6.699158994999487732e+03
6.820748135855707005e+03
2.112759381408540946e+02
1.167068735401741009e+02
7.658695838946479853e+03
1.533736995601414674e+04
-2.607616588884102526e+00
1.365877734783251526e+03
4.338846902587774821e+03
6.899034274248225529e+02
2.844098515142164615e+03
2.500277665020856688e+00
1.337864286153710793e+02
6.890732538696367556e+03
1.100564332687977549e+04
1.771850981489784772e+03
5.039099187024241473e+03
1.605168219794809829e+03
1.156143221143693518e+04
-2.915195009675890958e+01
-1.539462546320106924e+02
4.476326409829514574e+01
9.519715026486871920e+02
4.006931106952666255e+02
-2.105741383147451984e+01
1.307193804994087031e+03
1.125284269877698335e+02
6.939699595601518922e+02
8.447838808274937037e+03
-5.778502885206892188e+02
1.106098108443603451e+03
-4.122929788298197877e+02
1.321684477933634753e+03
9.412834472968086175e+01
1.177582151503582463e+04
1.122167754030830110e+03
1.519371695773950523e+04
1.882901664109887463e+00
2.297918760006301909e+03
8.272649718743770791e+03
1.459011316020233608e+04
1.047353763784911098e+04
1.282438881254329681e+04
1.157124976696990780e+04
7.519639509716620296e+02
-2.815683820200137006e+02
1.209383138935402530e+04
4.818073950543657702e+01
1.685324112437650911e+04
1.157149762562283649e+04
-2.763059141316662135e+02
1.258007724661823704e+04
6.370280625289966281e+01
1.207164586649076409e+04
1.067793181202422602e+04
1.532559244098845738e+03
1.384258125537797787e+04
-2.079385744817724628e+02
-8.370188775609609593e+02
1.467463859937945017e+04
5.174695418634019006e+02
1.381018941628017819e+04
1.035925901208027540e+02
9.154468740031836205e+03
6.236138025956889578e+03
8.447655780070850597e+03
8.798782211162536271e+01
2.392441921627191803e+01
1.275015163730902032e+03
2.107061474415705561e+03
4.213743482295313697e+03
9.375714083852513795e+03
7.978511136866828792e+02
1.514919414728645052e+03
7.563374483620252704e+02
1.486494030676936973e+02
1.876029520532443030e+03
1.215677100153046467e+03
1.154433712207417011e+04
5.474577206927699535e+02
1.677298422556628338e+03
-2.714992122383928290e+02
1.553404093029643263e+03
5.426804139844490464e+02
-2.918997166368200169e+02
4.890241315348140461e+01
1.931811870810552364e+03
-7.701467438193176918e+00
1.736983521529270774e+03
1.050793463435108919e+02
5.160004735196512229e+02
1.677872856971418742e+03
5.577772404075547001e+02
-3.832042996248048325e+02
-5.687950202695415101e+02
1.354676949711809584e+03
9.678598155605011755e+01
1.396800175007442249e+03
-1.020706918893276452e+03
-5.852788831163445593e+02
-1.011595967139969048e+02
-4.915910493097474045e+02
1.210613398840075945e+02
1.248727360631304180e+02
-8.686080844084087857e+02
7.730919797624565604e+01
1.159606930047709028e+02
-5.129594382619688986e+02
-3.903768087562468736e+02
-7.872398769807905410e+02
-3.720627350548447794e+02
-5.954089099432063676e+02
-7.352901009407160018e+02
5.996292543528388705e+03
1.411513092687702738e+03
-9.378679559894581530e+01
-9.781751330545783674e+01
3.608907179699039602e+02
1.691441512052088001e+02
1.200195297244259791e+03
4.054922142260582518e+02
3.276829144375462022e+01
4.356507353342606621e+03
1.719231038731988903e+00
8.890901158636359014e+01
-3.240379447159348274e+02
9.720371555119545519e+02
-4.151850982735517448e+01
-6.969654533453802969e+02
1.918560868428975255e+03
-3.119820241565060996e+02
5.067990639199667839e+02
6.818481681074260905e+02
3.567578709066659712e+02
1.529157593266039294e+04
-4.869850194135839843e+02
7.511147933972804367e+02
-2.425537386996021283e+01
1.192305858846409683e+04
-1.448663500250883089e+02
-5.221732578679794869e+02
-3.573983277217571981e+02
-7.503204921950629114e+02
1.881131726393905979e+02
4.014632508090606734e+03
8.451089515884020784e+02
7.850795324832535016e+02
1.046770828213365348e+03
1.525230336314185706e+02
2.234082449242098392e+02
4.484397297614610807e+02
9.656415980818951539e+02
-4.172893311690297935e+01
3.593706109142486866e+02
1.577652734420065372e+03
1.084421089930768289e+02
-1.713097902290596153e+01
2.888084794190303910e+03
1.082005113414241896e+04
-1.200984027402304491e+03
8.547238318274160065e+02
2.477928499296579545e+00
1.282716063554009634e+04
-6.379035571764629822e+02
6.850723621198113733e+02
7.428844078877725678e+02
1.635489937389540273e+03
1.233729041658253118e+04
-4.844348292335014321e+02
-8.282227192197549357e+02
5.488245323823317676e+02
8.496078342095313928e+03
-4.581162606126378023e+02
4.939397170081330160e+02
1.128205917514352450e+03
-5.653005313914073895e+02
1.539527643266496671e+04
2.135247736277462707e+02
3.453690897439108198e+02
9.698428895603365163e+02
2.142406670273517761e+02
7.910900898873524966e+03
1.040505087308423981e+03
7.461974449859335436e+03
2.354260912015755366e+03
5.745869334407889255e+02
5.844739951950014074e+03
2.100375519550673289e+02
-2.220992058834091836e+02
1.030800810391097571e+02
6.322314359859058186e+02
9.365307854954127151e+02
1.913493178568933899e+03
1.261743353456208752e+04
5.100496904457914752e+03
-4.641574239603284013e+01
5.969915297874354110e+03
-5.096829378103569752e+01
2.706794803161230448e+03
3.887373633555598644e+02
1.400745534992068315e+03
4.978083447279715074e+03
7.079446495222970043e+03
-2.373633721377647987e+01
9.397879857207271925e+03
1.307891962835259392e+03
-7.691528138619122501e+02
9.690969455898008164e+03
6.324680503837563265e+03
7.230350461827245454e+03
5.334356632502000366e+02
2.573754738777880448e+03
6.744759290534590946e+03
1.900132635085547861e+00
8.512901464131464309e+03
1.332203907477613996e+02
1.154347082218939988e+02
-2.984513644615520889e+01
1.570880611829213649e+02
1.382179958893283072e+02
1.171422249147336970e+03
7.344593806791259283e+00
7.185942882964977798e+02
1.274344161421304165e+02
1.215631568241990499e+04
-6.315823953741955847e+02
9.009007871343190345e+03
1.868478162661600663e+02
1.386589628679313591e+03
-3.477530447044369453e+02
7.499529824312265191e+03
1.178913536956537610e+04
7.361427987836552802e+02
9.115995010204424034e+02
-2.146345728747513419e+02
6.032308162645269476e+03
1.168401674248674317e+04
1.106367554339084904e+02
4.395792316442813785e+02
-2.488113991944558165e+02
1.385291893950471604e+03
1.072157890661680176e+04
-1.049792278805102796e+02
1.181249564422099411e+03
7.657654070990470245e+03
2.722314174254844588e+01
6.928830621025094842e+03
1.291079094361609577e+03
7.185437732177600765e+02
2.469002451550395563e+03
7.091702206263854578e+02
4.434667804985375369e+03
3.908258312790346736e+02
7.434651630340008523e+02
2.694612292989379512e+03
5.285048558415103798e+03
8.468949721887544001e+03
5.344068877264642481e+01
1.881135846082756302e+00
7.016361503712643355e+01
8.425937516623700958e+02
1.185639992787473602e+03
2.337392471271036356e+03
7.095666008823070570e+02
-5.323105220057050246e+02
4.269651077235143021e+03
2.500202180491985615e+00
1.163647174174683096e+04
9.193003558217627358e+01
5.074752327278602593e+02
1.530279673945953618e+03
-8.840047847010224302e+01
-1.967515275451502532e+01
1.302216910733012082e+04
-5.363442266469693465e+00
-3.994695434633002833e+02
1.352846553859971573e+04
1.022265710317254843e+02
1.462660560290242074e+03
1.624594919899274828e+04
1.330457438685453440e+02
1.772573659363377737e+04
1.560904387489310830e+04
-9.745316358110205357e-01
1.196468417440198755e+04
8.302425758696819685e+03
3.114215876843076103e+02
9.891232324438142314e+03
1.415787046869550977e+04
1.557077405952597019e+03
2.935122268556137328e+02
5.595796432142231680e+01
7.028313958012896023e+01
1.302185635351922610e+04
9.493682540242822142e+03
1.658130766948404755e+01
1.237724986492023845e+03
3.922051545874165868e+01
1.067919977642659615e+04
1.896274740613135918e+03
1.164570691889766749e+04
1.233348356774906506e+03
6.186912295732442502e+00
9.430122957613771177e+02
5.844816225977219801e+03
8.120203118344627910e+03
3.848553290990870437e+02
6.351989757418820091e+02
2.793242743447069188e+03
-6.521551628355078378e+01
7.702837658952486777e+01
3.248711895963443226e+02
2.950850679705486982e+03
9.416542775623751368e+03
-3.323814990087531669e+02
2.696501374853226480e+03
9.548860727527298877e+02
9.216354391792008016e+01
-3.022728160203768084e+02
-1.539970868879807426e+02
1.028309802638388248e+01
1.026244959558714800e+04
6.264375353889217877e+03
1.416307383807574638e+01
1.537835829747223670e+03
1.246952178249123762e+02
8.107089505974654458e+03
9.472092126906446197e+01
2.134134181724894461e+03
1.737445070451785341e+03
2.141418467924533616e+03
1.925213525127788898e+03
1.086156339340371596e+04
8.613675077207960840e+02
8.464277219703678838e+02
7.475501614934129975e+03
3.198770849225151778e+03
1.404231161514316955e+04
5.328406444444796364e+01
6.653366043538129304e+01
1.491099351906999618e+04
-3.603583429605875921e+01
1.083767677866959218e+02
1.137165984133388008e+02
2.355776635902621763e+00
1.053012825741776942e+04
1.224260127608354424e+03
8.554591688383254677e+02
9.103893902958292301e+02
1.298187190013690895e+02
4.648335362346228408e+02
-6.540459439290644639e+01
3.209705643281773746e+01
5.740402493312211618e+02
8.720690062985884651e+03
-5.100202709049794407e+02
1.317642452640293868e+03
1.449385658686701163e+03
4.357914446567214100e+02
5.285121590723564111e+01
-3.928677602940855422e+02
4.830254800934680759e+01
1.083791972246411888e+03
5.561090592880676553e+01
5.797758998252561469e+03
1.715413635193169171e+02
-4.377001266225029497e+01
1.576970646489421142e+03
2.084632758676026697e+03
9.211472842605318874e+03
5.278660862721935132e+00
5.252129463243323926e+02
1.393998419019355242e+04
5.309239174152878604e+02
6.769733420472386570e+03
1.157339606109878150e+04
2.906706530419752653e+03
7.946962246906960900e+03
1.755031624786260181e+03
8.366416286613164175e+02
8.071503711883011647e+02
2.425315902620864392e+02
6.502548541589766273e+02
-2.672244568673144727e+02
7.358545729120289252e+03
1.423650062776707955e+03
-4.962654780680982753e+02
1.781342522259415659e+02
5.437241651659842319e+02
1.622585273586532537e+02
2.749318971449545188e+03
1.415520070959355969e+01
1.199671489088376575e+03
4.153747414664548160e+03
1.359070754284165560e+03
1.953224287409108229e+03
5.877009734378762005e+03
8.524275502638829494e+03
-1.863423929374147292e+01
-5.929371517309430146e+02
6.568129565540270960e+03
2.371866769599031613e+03
7.559413614647323811e+03
5.881573252677718301e+03
-6.674592529057292722e+01
-1.889749747331235241e+00
6.700202379258582368e+03
-1.634998710042584094e+02
4.135839512969882747e+01
3.424150193443617354e+03
1.787338800933155426e+03
1.558060027415340585e+02
4.998554984892606626e+03
1.869609389544664964e+03
1.248549845077613725e+02
1.143030372846897080e+04
1.203200933301679470e+04
1.187451301849559422e+04
9.275509857096781161e+02
-2.103075058492078995e+02
4.190138525722507438e+03
1.410209858302405564e+03
5.449243690396717739e+02
-5.362817384214774847e+02
7.261474621926131476e+02
-8.231071738959420259e+01
1.302024648748371146e+04
4.470787297447062514e+01
1.400311600213134852e+03
2.422378134892300750e+03
1.649505378244900157e+03
-1.530054846859605675e+02
2.691014856007383969e+03
1.309613965053199763e+03
5.089370193997195884e+02
1.275237641053254833e+02
-4.393507983847344889e+01
1.460065442986770222e+03
-8.900330869339894946e+01
-5.326674816390103615e+02
1.517803025766057772e+02
-2.422220656481195817e+02
1.722484966776250758e+03
1.809690029035616305e+02
1.534234915868072221e+03
2.424890702415677168e+00
2.149916386674710793e+03
-5.665668689203371855e+01
1.560472705671070344e+03
-5.815200725502040768e+02
6.310780681726669172e+01
6.554975263911674119e+02
4.269533949174813188e+02
2.242849841110336584e+00
9.990344155681891607e+02
2.539619693246982024e+02
6.087411393796619450e+03
1.491958135945341610e+03
-2.080320855864634666e+01
7.542003798984478635e+03
2.401579523383965807e+03
5.263096502643097807e+01
5.730518643661964688e+02
7.283135186716295948e+02
1.347984155557133363e+03
1.234275524749023134e+03
1.018750088544006212e+04
1.208669716113098502e+03
4.780291839893399811e+03
2.993248832237310580e+03
1.153724908929732919e+04
5.331125516679627481e+02
2.204217803010672469e+03
7.459718633949190689e+02
-1.815580041661191046e+02
7.906994375329767536e+03
-2.449965170512395929e+00
2.422380071872431984e+00
9.282907313922817139e+01
9.498632345728021846e+02
7.460724896106894448e+03
4.987005590330556515e+03
5.915464443839964588e+02
6.719863460605386535e+03
-3.788587620991715994e+02
3.600738802087605109e+03
8.126194743819634425e+01
8.986929864202604222e+03
6.241405656154446433e+02
1.045912864485448779e+02
-2.277562581201670469e+02
7.388200652690397874e+03
1.577612725249476534e+04
-2.486472013549888516e+01
3.659789599670594953e+02
2.416936871064628576e+03
-4.889877817227188928e+01
1.054763535590995707e+04
1.438487597307888973e+04
-4.983939427592405309e+02
-1.105654983561751692e+02
1.151326195605950852e+04
1.748720256385420058e+00
3.632150747542347347e+01
-3.231242735285337062e+02
6.299260039554073956e+03
8.120401498583614739e+02
1.632628073653780802e+03
7.403651541446290139e+03
5.882489802048520687e+03
1.411688877435869244e+03
8.409514085805007198e+03
-9.813213197806949495e+01
1.737942978386415916e+03
6.605963262287851649e+03
1.787021652220669239e+03
4.895768421186114665e+02
-1.911994234208873422e+01
8.365480380784788395e+01
1.091179947843374430e+04
1.812894021013221391e+01
1.369550269418336939e+02
1.780544498351600623e+03
2.059928542593182783e+02
-5.807846496834588379e+02
6.033449545180580742e+01
2.032240785204347958e+03
-3.935715673899337617e+02
3.345224832045248604e+03
1.000791107223108042e+03
2.956800974901262293e+02
1.462881610380333655e+02
6.564644250587949728e+02
7.131122337581450665e+02
8.045056981557260769e+03
1.187580448946458455e+04
1.211064341630968102e+03
8.051328609997950480e+03
3.042909954085445179e+01
4.393096200600955854e+03
1.066161628079752290e+02
1.016887839127471807e+03
3.773378233197200302e+02
1.552323016453837454e+03
6.255536589440432181e+03
9.852888512484109015e+03
7.756613129225475859e+03
9.629922209666113986e+02
4.357508787916067661e+01
1.508786108046883237e+04
7.143433891335709518e+01
6.036558141281240751e+03
5.259123793606585195e+02
1.232182345317334693e+03
6.473112041876524927e+02
4.162118679510280344e+03
1.050641971335887092e+03
1.113358196465354376e+04
6.675621118399305942e+02
7.727591071212540555e+03
7.984345590860713855e+03
9.970311058121451708e+01
1.983091780133980819e+03
6.491441582408650390e+01
1.329598179010685817e+04
1.000138446120956542e+04
8.919022408081322283e+03
5.876554822708539177e+03
4.594860496797487599e+02
8.312916617776456405e+03
7.297721575173221026e+03
7.337899264374960694e+03
1.256037022850873655e+04
7.332554962510965879e+01
5.101275351272229273e+03
1.069866135569579274e+04
1.300222546005276627e+03
7.061739895696815665e+02
5.227769575834034185e+03
5.710233435989298414e+02
1.444823260650079646e+03
1.485608406824951544e+02
1.513382301064049898e+03
1.366485704535059540e+02
1.506778700647303776e+04
7.957988445760850027e+02
2.804379075638927134e+03
9.233614546292875502e+02
8.515764967481236454e+03
1.369712270902628859e+02
5.456235193040010927e+03
1.107078886556503221e+03
1.625024979491748672e+04
6.445843308953316409e+03
9.471490488211878983e+03
1.803660689096253464e+03
4.728627158204144507e+03
9.760423369351989322e+02
3.401294503609859476e+03
4.700915511374816560e+03
5.421875263830398580e+03
-1.430759940327217450e+01
1.535471648472663219e+03
1.069380940214896327e+04
2.942958484956102794e+00
4.210608369276006670e+03
1.065463937075860122e+04
2.715607179425563800e+02
-4.548098629873892946e+02
5.065363959471270618e+02
9.490264348500904816e+02
1.324636886512100546e+03
1.425979037164097645e+04
-2.811491116316891521e+02
1.370370811611821864e+02
1.554514492766959393e+03
1.322095479016842364e+04
6.740579100591641009e+02
1.145591374663657552e+04
-7.124872342799715170e+02
6.284708620031486134e+03
-1.454245392603687890e+02
5.301677495560273883e+02
1.219886064015651982e+03
7.859406320840467743e+03
1.004133150826903875e+04
9.474444163569658485e+03
6.435565183823773623e+03
1.610602560112292394e+03
1.619521647544333405e+02
1.344360136653913514e+03
2.296559188956449361e+03
1.053467366295099600e+04
1.500924498619582209e+03
-1.940418034470573900e+02
1.570016838829013795e+04
2.591944671173573624e+03
7.636433318091120555e+02
4.880406263979214145e+02
6.875478874167315553e+02
7.886504001070356026e+03
5.183190344557211574e+03
3.555561452277843273e+03
-4.142712139170849355e+02
5.349039604053386938e+03
1.138135124545551207e+03
8.587370686417680190e+03
9.403270425001748663e+03
1.506436781404164094e+03
7.179392104228780909e+02
-9.774587119406939451e+01
-5.806514350563207927e+02
8.673012247964933294e+02
-3.287799630907765618e+02
1.428317177394594910e+04
1.015607789399933722e+03
2.133911674226611055e+01
3.388277414202989348e+02
3.433742251348589889e+03
1.945839511476812504e+03
6.565674337267668307e+03
8.726936143812929458e+01
1.004958806834710776e+04
1.239536854376669908e+04
8.916623295984957167e+02
1.722262678542804133e+04
8.076598413116716983e+02
2.964934955510480904e+03
9.820284688449453370e+02
1.423517951900140133e+03
3.693890578493948169e+02
1.122980343426469062e+03
1.302596615938320974e+04
1.478079083592149618e+04
9.846818365135301065e+03
7.908747736215318582e+03
4.821298997978607304e+01
1.264356013169909966e+04
6.766922139005986537e+03
1.552461141351263723e+04
6.477368438721339317e+02
1.297555086089811539e+03
6.165581557794857872e+02
7.234104396871473455e+02
1.034383951381279076e+03
8.710109201379340504e+01
4.978660760010622539e+02
1.747691918361792341e+04
4.534245026643819983e+03
-9.821954255672667955e+01
1.547944731335435563e+03
-3.263583848522064272e+02
2.459523150483112659e+03
1.010807996004875463e+03
1.074600168008292530e+04
1.952138834231906372e+00
1.160549752052179247e+04
1.230716096270896560e+04
7.628598862738158459e+01
7.990567522834759075e+03
9.394699607321667827e+02
1.743667164192351493e+03
8.758909056333870467e+03
2.421790345506015001e+03
1.351026761285891371e+04
1.278835895143120797e+04
1.345851172156414759e+04
4.570915778942153906e+02
6.574300537085945507e+03
6.369510598600207913e+02
1.027027717022672846e+02
1.064354193564380182e+02
1.671415177344598249e+02
2.342198092101620205e+03
-5.722575982768820779e+01
1.096098556469756659e+04
3.676071564973220575e+03
1.192734056489815202e+03
2.036490641622556495e+03
7.180036780065732273e+03
1.498210896938959377e+04
-4.128132177309704502e+02
7.803331565652542849e+03
6.945003401889714041e+03
2.511002188008154121e+02
1.103422710634949482e+02
8.987805684200237010e+03
1.440778541073061206e+03
3.635598260216162544e+03
1.121435227461243630e+04
5.987936606753402884e+03
1.106732320102653102e+04
5.436518701628284362e+03
-1.154987331816317351e+02
1.101831000741392018e+04
-5.259513097216812483e+00
7.131357962640811820e+03
6.442434490677272152e+03
1.158514925152841897e+03
6.832088548625464682e+03
1.047479971487831847e+02
1.734189102506033669e+04
-3.675038015363028876e+02
1.383130221368594675e+03
8.968691372607359881e+03
-4.719334956076105527e+02
6.445778337027949419e+03
1.692766665197795461e+01
1.414023866998784979e+04
8.320241724648629315e+03
1.624736603555378224e+03
8.762629737801797091e+03
-7.909356694093480655e+01
3.071377995231939053e+02
1.469526937823119852e+03
1.292121012223219850e+03
-9.774312359626422619e+01
1.785029528814932931e+00
1.123833877774698976e+03
-1.644097936642765205e+02
5.787626460371176108e+03
7.857497183776714337e+03
8.175865847346634837e+03
1.420233346953833916e+03
1.250504488911114777e+03
2.428341434502507582e+03
-8.407305385610679593e+01
3.040398211902920593e+02
-6.785005266245955227e+02
8.754237093984109379e+03
2.115669593726170774e+02
9.843277092337957583e+03
4.378765041486644805e+02
7.321036158134904326e+03
2.409370248389910557e+03
1.539898856692269646e+03
7.618129994867897040e+03
1.024098143848807376e+04
1.207317778721465402e+03
9.901486949561530082e+01
1.831430206339938877e+03
2.731319748966941461e+02
1.866700048936108303e+00
9.610449308323875812e+03
3.561683646146174169e+02
4.671538302333882484e+02
4.483480367026732893e+03
-2.860370655401168847e+02
6.188308670652146247e+03
8.558302482589640931e+03
7.629844776270871876e+00
7.214616301294316145e+03
7.254076349840313924e+03
9.363265146102435210e+00
-4.647313912918367578e+02
1.018496166207527131e+04
9.831109786541219364e+02
7.519072044664738314e+03
7.232283448281272342e+01
1.187135435005233740e+04
1.119799677566058017e+04
7.430385935654806417e+03
1.347949433937790673e+03
1.002055681910690765e+02
7.503082798447714595e+03
-7.179937588801929849e+01
4.567673592663994100e+02
2.266615659673039318e+03
2.414355302954149920e+03
1.635148569997884078e+04
2.599966788448161026e+01
-5.336348440023824651e+02
-7.977288367709627437e+02
1.628472313884023208e+02
1.375145152774028793e+04
1.567460152751620626e+04
4.685268656122227185e+03
2.929210400223453803e+00
3.143121830701055842e+03
7.083835753191038975e+02
5.457828977883195165e+01
9.427267774925445565e+01
5.510605390251260616e+01
1.411973177239956749e+04
7.596392144369936432e+03
-2.710914263943584146e+01
7.235075769869087026e+02
1.194338577021963101e+04
1.026943304838514996e+04
-1.560548578387858356e+02
1.680281009961053132e+04
9.500203643381671554e+02
1.183022139437969599e+04
9.110975359926509043e+01
9.712450437378970491e+01
6.531716124566281678e+02
-4.994961890824396278e+02
4.729457605037115968e+02
9.876078416878124699e+03
7.304652477010583425e+03
2.261790268015421134e+03
1.187639939023896295e+04
5.415704694208994852e+02
-5.898188188642881187e+02
8.291901085523018992e+03
-5.036106616406809167e+02
2.009676636042469454e+03
1.044513035709422911e+04
7.359382571422400360e+03
7.944761841779372844e+03
4.859781932218824295e+03
8.651843626571660479e+02
1.463242437516951895e+03
7.266890868645572482e+03
8.767285789845418549e+02
4.364997019529084810e+01
-3.831317255415439149e+02
1.684015531602705323e+03
7.549678557245722459e+02
7.850440363559598609e+02
-1.524916369888083523e+02
4.558667696807222455e+03
1.672693131066782007e+04
1.085889574662091400e+04
7.496232585990551343e+02
7.643953162703292946e+03
1.555920555734859045e+04
-1.480390184141684813e+02
8.478503604773255574e+03
3.471891063258520660e+01
-5.060780603349953566e+01
-5.253020810582414697e+02
9.582697691032689136e+01
-3.217296887370706600e+02
1.520034542087388672e+03
9.840161109029355430e+03
3.017561986976702926e+01
-9.446268315109669800e+01
1.074393408303536307e+04
7.293737737167340129e+03
4.057263290484855816e+02
1.109344505915567970e+04
-6.915680886617587930e+01
1.239274913705268773e+03
1.413581838322461181e+03
5.432090416878744463e+02
-1.322465899947628643e+01
8.431732466928209760e+03
8.716879553400221994e+03
8.224747786932221061e+03
9.094861989140993046e+02
9.558248676836790764e+03
1.533248362084034625e+03
-9.775748984892103977e+01
9.818044655829266048e+03
7.868256488028555395e+02
7.992022845404607324e+03
7.040204930633108233e+02
6.280964754900755906e+03
2.174939441180624726e+03
5.262500718558969311e+03
1.047201649056775977e+03
1.043626028248198509e+03
-2.567736397016510068e+02
1.392307957541849419e+03
-8.727441129739808048e+02
5.490190063606042941e+02
8.083066902617593769e+03
2.122698244135139703e+03
9.080310083133290391e+02
5.588213821385423898e+02
5.214924668433175611e+03
1.052062599431137096e+04
-5.608635483469806786e+02
3.554198102540533910e+03
4.296942589005885793e+02
3.590788262335000582e+03
1.160574789743145203e+02
9.945908851303589699e+02
3.760224286968224533e+03
6.125249588931310427e+03
-5.091861833180345229e+02
-5.260893560322847406e+02
2.753465348027586401e+02
-3.954384696292285639e+01
1.097010752491088351e+04
5.753643598086961219e+02
3.819839620027742910e-01
8.931715902225003447e+03
1.476181649799567595e+03
6.665998156835839836e+03
9.107998332960933112e+03
1.131361326948810165e+04
1.580160010057327418e+04
1.729843775838906694e+00
9.262834702243097126e+03
1.423832117674459823e+03
1.001639719559903278e+04
2.135655711904925624e+01
3.594903574175707945e+03
-1.285798626387857269e+02
-4.000637730494278230e+02
1.805417276275154654e+04
8.735092065897257271e+03
1.583017570958966417e+03
-7.750236780987594898e+01
1.031581197256250016e+04
-1.414783827577480224e+00
1.286023505936125548e+04
1.147823726465514846e+04
2.494314612941690825e+02
1.592084232077220440e+04
4.459049098306973065e+03
3.016605703813992477e+03
1.443478525520937364e+04
-1.817851048516848778e+01
7.409204831597778139e+03
8.815512694709728748e+03
8.379415549377934440e+03
-8.469787353476002068e+01
1.583906897424015915e+04
1.696699662065000302e+04
7.924052228249764084e+03
9.875340340713164551e+03
8.354209246532518591e+02
2.416313538885855792e+02
2.800101710481139321e+02
9.916880939956314478e+01
2.985432429332087523e+00
1.621291955272751329e+04
1.815981780189626443e+04
7.750591399125052703e+03
2.264372846080264026e+03
1.704018086096019397e+04
1.332480715581598361e+03
5.073295001181668340e+01
1.163506953461356261e+03
3.262491522120093919e+02
3.731805524925854911e+02
1.838523516046097211e+04
1.313375470184867027e+02
1.439907412519815443e+04
3.176277358352982446e+03
2.235601231871908567e+03
7.565596671844072262e+03
1.308167737713661882e+04
1.582494423746197754e+03
1.223182512756853248e+04
2.474058200858662460e+00
-2.251424322152789159e+01
-3.156400764677776394e+01
1.656614876820091740e+04
1.323525157895731354e+04
1.238166336761716957e+04
1.164799895564289909e+04
1.734518367295212784e+03
8.873690563103583884e+01
1.659166906702495544e+04
1.894753527933576152e+03
-5.525416750572237561e+02
1.439678613047043200e+03
1.507797278242893071e+03
1.407749992971650317e+04
8.462861726268167331e+03
7.769830345697487246e+02
8.336617075076806941e+03
1.186325882725214979e+04
1.406317318753498057e+03
6.838087614396226854e+03
4.239361456426620862e+03
9.002693213676522646e+03
2.332693003679401500e+03
3.416985844471199016e+03
-8.522651195557973836e+01
9.585102939725138640e+03
7.176007814418078397e+02
1.168469950303923270e+03
1.178546340384705900e+03
6.620200267589948453e+03
4.661028555041372670e+02
1.057985614221975766e+03
1.427171396793211670e+03
1.353476766215777207e+04
3.967991885685094076e+02
9.535103276767010811e+02
1.515718613739802834e+01
5.928827665574432103e+03
8.691566434861917514e+03
1.363590382281196071e+04
7.374156176625449461e+02
1.664476612331152182e+03
7.438705864074179772e+03
6.135822848947053899e+03
1.564552310150299263e+03
1.442955591781992007e+04
1.064962587492298809e+02
1.371207974696564816e+04
1.163406881034845901e+04
1.235736334102899264e+03
1.694728076545067597e+04
1.420016094033155468e+03
7.820534586901098010e+03
1.538473184984528962e+04
3.437779113031101588e+03
6.018245541324306032e+03
2.284213004233522497e+03
7.603146999031753239e+01
1.499072806232538096e+04
6.059773984976070096e+03
1.372340927365502466e+03
1.233655021214453882e+02
8.218077824501791838e+03
1.358499799894917487e+03
8.915958499533458962e+03
5.069664810795310586e+03
8.142842324820684553e+03
1.221374192538586612e+03
9.408281663658144680e+03
1.398210985766528574e+04
4.712275393696201718e+03
4.685939150229178836e+02
1.109057436788864607e+03
9.666247404638878038e+01
9.110996574619893806e+01
1.563246878100144204e+04
1.260154595481573051e+04
-5.931864822813985256e+02
7.422323898731900726e+02
-7.271478601468578518e+01
9.318407457953290987e+02
-1.003901501975394126e+02
1.205385254333593912e+04
6.989295329818638493e+03
1.585063586211961774e+04
-8.469906686652257122e+01
-3.280811554384160900e+01
1.602814859646940704e+03
1.990803908047564619e+03
7.694166779547423403e+02
1.469875425950599634e+01
1.727155137826213104e+04
1.202482236768343682e+04
1.834787921527047274e+02
1.561935939777255408e+04
6.157072871647969805e+02
1.253285278022657076e+04
7.343933654568854763e+03
1.278134370324049087e+04
9.151687325475220860e+03
1.434160000682986902e+04
1.030451746945554760e+03
9.067292291739486245e+03
1.443354957863142545e+03
5.983466106887289016e+02
7.027510847698993530e+03
1.384801174905465359e+03
1.234387308135747389e+03
-4.988012514778172317e+02
7.112594538451126937e+03
7.692070204974441367e+03
1.656113881160576420e+04
1.688879719353442124e+04
8.414855533658730565e+03
2.774761145642522479e+03
1.446611951842750750e+04
1.933649159471525763e+03
1.398606985860416444e+03
1.363750287654874001e+03
7.796215933809703529e+03
5.947790408817519165e+03
3.407652309538813142e+02
8.118125006898386346e+03
1.436877656198014665e+04
1.277449048026568335e+01
4.261369793018527162e+03
7.455253638327511680e+02
1.808702833071928808e+03
1.448716553461415242e+04
1.392725930626815898e+04
9.245696432308306612e+03
-1.256954292345860722e+02
1.780381828894587670e+01
6.816728021658149373e+03
-7.242100058025567932e+02
-5.079695610382136692e+02
8.015206510039861314e+03
1.031853530829800775e+03
-3.738835553946305481e+02
1.843808868853525382e+02
-3.130558554714547199e+02
1.051906016018309674e+04
2.604132002132305956e+01
-1.388544666258037807e+01
2.989754271629454252e+03
7.497996381739387289e+03
8.457679348888826780e+02
8.598925253185121619e+03
9.684275936417945559e+03
1.757277718753131921e+04
2.706110594988792400e+03
1.459227222737957618e+03
1.041302173222765668e+04
6.171024407305968452e+03
6.752288307587258714e+03
7.616667674459400587e+03
9.246070621791544397e+01
1.025856005186882157e+03
2.395595110810665574e+03
8.552354495757750556e+03
7.217507218924364679e+03
-1.486878926231702849e+02
1.610492364724247273e+04
5.690578793938341732e+03
-2.807142437121872263e+02
7.232290381488890489e+03
1.563235764462698535e+04
-1.025556865700054914e+02
1.520319898465154893e+03
1.433420386804808004e+03
1.059574338577767594e+04
5.824260050638069515e+03
8.023373648990694164e+03
2.871428274910552318e+03
1.409791473257702421e+02
8.539701936692073332e+02
1.366105496854497915e+03
7.248455799040961210e+03
-1.149099728729221852e+03
7.850392935641923941e+03
1.679958103469220760e+03
1.074558508808134434e+02
7.186525592182331820e+03
-6.798029660088751314e-01
1.595224804343548158e+03
2.464797391359755238e+03
9.304542320943943196e+03
2.481956082513767115e+02
-1.533080056195735210e+02
1.027566698863227430e+04
8.491643456598218108e+03
6.021643809637584127e+03
7.433581537559800381e+03
-2.704766405030201781e+02
8.112318646174448986e+02
2.642028915836570377e+03
9.179142687933339403e+03
2.371761826255696178e+03
9.007358554529438379e+02
2.163408902836414654e+03
1.149044526397985646e+04
8.803734136622182632e+03
-8.010036512617618882e+02
1.053937506022800881e+04
9.234076641341505820e+03
8.505140454150967344e+03
2.153908073761005681e+00
2.414655722842447631e+03
2.864220362224377823e+03
1.297999318262841552e+04
1.185353880969870772e+02
1.679704470913446858e+04
7.068618147677661057e+01
1.632383697422987643e+04
1.156200745658412643e+03
1.337005669129394789e+02
1.669714150720640646e+03
8.376744361951847168e+03
7.485070642036080244e+03
8.817507277342627276e+03
1.571170267805578078e+03
1.791187363879979603e+04
1.594995697711055800e+04
7.986096893960518173e+03
2.795947249000627721e+01
9.069824699915248857e+03
8.626693711188254383e+03
1.762731715947426281e+00
2.197184218029406566e+03
1.599071468455434228e+02
1.495080729103880003e+04
9.301679917453171242e+01
1.484888738729148827e+03
7.835103312209355863e+03
4.550839391734360362e+01
8.059599295860484744e+03
8.547796559568063458e+03
5.460263252303155923e+02
-5.447918200453574400e+02
6.468928839400176003e+03
1.596703328315999897e+03
7.911662145687253542e+03
1.685039032872978623e+03
4.222269207038387322e+03
8.513506286422636549e+03
7.751077033435464728e+03
1.260805281834438119e+03
1.509675450742137400e+04
-5.066666676550576085e+02
7.799384639783715102e+03
9.040206412949150035e+03
7.797675729839023006e+03
1.484287634148118013e+04
1.610363378696814289e+04
1.821841671620796842e+04
7.488297888218220066e+01
2.554729394275124719e+02
2.394181538575303421e+03
-3.332132412735240337e+02
7.916255294305266034e+03
1.095369185415167124e+02
8.132089192258023104e+03
3.104232685305802534e+03
7.178600911383235825e+02
1.459158143271620065e+04
1.554385980429776828e+04
1.543656719816945952e+03
1.227587489680542240e+04
1.516495640520758752e+04
2.418986122803101182e+02
9.692566503027765634e+01
1.337765650977949463e+03
3.357835350956704588e+02
-7.972575263441140123e+02
-1.213311716784595689e+02
6.168923539875429924e+03
1.309174355345062395e+02
1.318129911563339647e+02
8.268924845323637783e+03
2.322250793684786913e+03
1.706316314174098079e+04
7.676254829777797568e+03
3.895797568472223702e+03
1.150069630658154267e+02
3.564282512004906494e+03
9.099747119535973638e+01
2.904341152688764396e+02
7.184964115106505233e+03
7.205051048290027211e+03
2.477565435850352515e+03
-2.553324166245133995e+02
6.909154347774824600e+03
-4.708749275742923714e+02
1.037651642875857397e+04
1.176753736064606892e+04
7.840730117276813189e+02
7.971324621289575589e+03
7.503239716139029952e+03
-8.614056340371631677e+02
8.512934922356138486e+03
7.773622499928548677e+03
1.425123506243537349e+03
1.311001459237990639e+04
1.283312060859875237e+04
-5.513301192320191149e+02
1.251262345556721982e+02
-4.909663275728478311e+02
-4.275351608242277166e+02
1.832902407934381699e+04
3.186719852087999527e+01
1.529176956763568160e+04
7.738081047011532974e+03
-3.516120050054480544e+02
1.252855710932008378e+03
7.816157119385085394e-01
1.036205965965666564e+03
-2.841675231187717827e+02
1.322494860158871234e+03
-8.691578845752843563e+01
-5.676948539928305308e+02
3.575847262924700317e+03
7.603236026896547628e+03
4.000998832868999216e+03
1.441062816984558594e+04
1.558633942509656436e+03
1.337058400830728942e+03
1.396049494553908880e+04
-1.848034885680963839e+02
-3.800811905210288728e+02
1.117101862221693955e+04
3.893529829215661721e+03
-1.468889761263929650e+01
-4.730044993303586693e+02
7.742755851807562067e+03
7.464397050643594412e+03
1.090477567681607070e+04
9.385557483122962367e+03
1.427924337677273616e+04
9.195360341538364082e+03
2.578240608083992811e+02
-3.554430129371707494e+02
7.693274788753085886e+03
1.222439476800623765e+02
7.308247544877928021e+02
1.688899272485509937e+04
1.067213440872264437e+04
9.099415809512605847e+03
1.347041166100815190e+03
-1.222797849885173491e+02
8.282024478809704306e+03
2.399822500365258293e+03
1.119119135471671871e+04
1.031993050188312009e+04
9.617754039928400744e+03
9.503596194002764605e+03
-1.332562380139277707e+02
9.113361137952023228e+01
-4.586022496991772641e+02
8.757334681409283803e+03
3.086547969814801036e+02
1.701645364835778537e+03
1.257265365415909582e+04
6.910332224295028936e+03
1.386175373786174532e+03
8.534660908290323277e+03
-3.849722101553963398e+02
6.824688610107687055e+02
6.949140657969204767e+03
1.770468695908568634e+03
8.518347240059648584e+01
1.367732122673331105e+04
1.848188856366379014e+03
1.351279863961801766e+03
1.742920368123297521e+03
1.620404477223386266e+03
2.240325611264715917e+03
7.675656780919936864e+03
8.364481552946414013e+03
8.086198572816218984e+03
1.031615232939730413e+04
-1.100458097371972315e+02
-5.236816395751213804e+02
-2.018880521508114612e+02
3.058834632503576358e+02
1.290759047824907248e+04
1.150154862195283022e+04
1.451119434065628593e+04
1.019271607745516576e+03
-5.716888928350629158e+02
1.190758263859233557e+04
1.542259199896895370e+04
1.493469560862687104e+03
6.906128041067773893e+02
-7.861713504546941067e+00
1.930763086082912992e+02
-2.666318753886544712e+00
-3.698840720746230772e+02
2.335683636475985736e+02
1.031533526021631224e+04
-7.943997082693138054e+02
8.670028663152439549e+03
-8.757459069707417143e+01
6.454147373199701860e+02
2.829934220602837627e+02
2.680649469570140582e+02
7.052247726434985680e+02
-1.170600387354645591e+02
1.720797897045102945e+04
2.829333768612211770e+02
2.381731471350728498e+03
7.203352733849433207e+03
1.957247241408705065e+02
6.692771148028336938e+03
7.978135034737156275e+03
2.869429044985700784e+03
7.601505069691878816e+03
7.190367848922755002e+03
6.872046115438182824e+03
-5.134539587439145407e+02
8.115872966311975688e+03
6.992445866340268594e+02
2.553646112999325851e+03
5.867388983865056616e+03
1.090374922364848680e+04
1.203390417474561673e+03
1.555519139501653626e+04
-1.009837144087002372e+02
7.391987121219736764e+03
7.762362724419856022e+03
-4.144935279585063626e+01
8.040465777125741624e+03
1.162114967677538516e+04
6.864720454473503196e+03
1.468210742110176170e+03
6.543624378560027708e+02
1.493130776729917307e+04
2.455723596258466841e+03
1.295590574802090850e+04
1.514902773713811257e+01
3.971986098013556330e+03
3.462549232476848715e+02
7.812420725882032457e+03
1.417905697104874525e+04
1.820094529710689528e+02
-1.374648553355935405e+02
7.756309840940157301e+03
3.167751840721739427e+03
1.862991623347795212e+03
3.287846319200401012e+03
7.816945797026073706e+03
7.618270561449087836e+03
8.921358027189820859e+03
6.952480866662149310e+03
8.142486742840438637e+03
1.571099533407191484e+04
3.694643013136782429e+03
7.970320767808054825e+02
-9.789299302019743720e+01
3.653168302958753884e+03
1.222927871703023584e+03
-1.639802252856391362e+01
1.626068543375036643e+04
5.460053510970691605e+03
3.448038520880393776e+02
-4.088470594816932646e+01
7.906737880464741465e+03
7.030526278596738848e+03
1.267691603744466988e+02
8.337718105378135078e+03
4.987820918383516755e+02
3.047802611319977132e+03
-5.663934720859459730e+02
3.377183063323031092e+03
7.049563851389623778e+03
2.131138612907814604e+03
-5.002708502052318522e+02
7.271857146653119344e+03
7.252604899055229907e+03
-3.935955990882447395e+02
7.065257027445150015e+03
7.060630198062281124e+03
7.449338880001649841e+02
1.703649847114750082e+04
1.440902380326707316e+04
1.707512823631673382e+04
6.892973361243812178e+03
1.515469160232669310e+03
2.219929075565531093e+03
1.312256854913030111e+04
1.725003041261703913e+02
-5.064426200120977910e+02
6.982777621574029581e+03
7.527627675884075870e+03
1.164222703487466970e+04
4.752205770315816835e+02
-9.814521704660441515e+01
1.660695658308866768e+03
-5.222954071554372604e+02
4.628528290169009551e+02
1.268282074735867724e+02
-5.991990403201003801e+01
5.061442628420774668e+02
6.408780255125240046e+02
2.164228441803987607e+03
6.389909801989183507e+03
9.841119203027276399e+02
8.445358863261938609e+01
1.205954982627296658e+03
8.742331287878796502e+03
1.144482187224268273e+04
1.546801696244052255e+04
4.098763805357689307e+03
1.645211163655454584e+04
1.701070072457197239e+04
6.955323160781715615e+02
6.698287156033631618e+03
8.277338334377571300e+03
1.168787468100966180e+04
6.299761667175817820e+03
1.822889656250003463e+04
7.340029871370354158e+03
2.556465889343178333e+03
8.341008125402186124e+03
3.186194367265959045e+03
9.046210522773009870e+03
6.965797482468205999e+03
-9.757929360609399794e+01
-4.299901169764482347e+02
1.575772141530526824e+04
6.154597451872584315e+03
1.422335771310969540e+04
1.358567593146137824e+03
1.899426488634898647e+02
-5.793061376898681374e+02
7.543458938951197524e+03
-4.989170939877640762e+02
1.630198171959631327e+04
1.560502324943991152e+04
1.794190151795199927e+04
1.653719594743454945e+04
4.629871834577791560e+03
8.541497004172728339e+03
1.127188565479147655e+04
7.975490602174111700e+03
1.368623249279500851e+04
1.031721342689967514e+03
-1.060829611511260850e+02
1.248942914405023657e+03
-1.506731827648349054e+02
-5.609500185283868632e+02
7.896236998709058753e+03
1.794271939538763263e+03
6.629923971956663991e+02
1.939463366349263652e+03
3.942147751581444481e+03
6.125144455389906852e+02
1.620530973731484039e+02
-6.383552073875409860e+01
5.953125314652508678e+03
1.331366270248172077e+04
1.593930368674179408e+04
1.362050721622510900e+04
1.405856271224480679e+03
-6.964509769655081755e+02
1.079946942488734749e+03
1.765889486472606950e+04
1.736039481560533386e+04
9.111630618454499881e+02
1.408088629093665077e+04
1.503681559080186707e+04
1.485478714433498317e+04
1.527739390603730317e+04
1.495871825549492860e+04
1.564288006825318553e+04
4.887638192905247365e+02
1.122541764551430424e+04
1.561993688179190940e+04
3.827315814150949222e+02
1.352676733775564344e+03
1.662497255997079037e+03
-5.019774711925971360e+02
7.544934084048771183e+03
1.495844429994707207e+04
5.799200005322126117e+01
1.302540648891269484e+04
4.782934910769472481e+03
1.490057944297712675e+04
1.410343827239921120e+04
7.671054476210816574e+03
1.579763079446319716e+04
-4.675211961847991802e+02
1.507566268315468369e+04
2.720263267473860196e+03
1.346050517541048293e+03
1.517556978120961321e+04
6.887481644366184810e+02
1.175672810451929399e+04
1.276946696971250503e+02
1.831493303115556500e+03
1.759920285095860527e+04
1.871673671798744545e+04
2.930593249528148590e+03
1.915438128593745887e+03
4.360047650273197064e+02
-3.188938384560262307e+02
1.715031456038854458e+03
1.868763089098488126e+04
-4.996811813527106949e+01
3.526800448352382773e+02
1.164826577975160399e+04
1.112597548933378494e+04
1.423732431222264495e+04
-2.044763380287810719e+02
9.965549049504998038e+02
1.940329444856257624e+03
6.051035515840073458e+03
7.213817524288526329e+03
6.516082969437973588e+03
2.166575973787669682e+03
1.423710319316792265e+02
5.769722043846556971e+02
-1.196553067501682222e+00
-6.887386040941319152e+02
9.016648345223446086e+03
1.567000542398419748e+04
-1.443810311316324828e+02
1.301989863869666078e+04
1.601912734095937049e+04
1.810695383045399012e+03
1.690473273727408014e+04
1.496537618243811721e+03
2.473404646223981672e+03
1.746202165608017822e+04
5.522438397483159633e+01
-9.750275142251103944e+01
2.030251848761126212e+03
6.365162661591816686e+03
7.940731411452270549e+02
1.118193242090339936e+02
3.391263911177198224e+03
1.980957984654156235e+03
1.671425810010024861e+03
2.349856899322908248e+03
2.020442412273271771e+01
8.120549175165076122e+03
1.015403158605973113e+04
1.433614283080405812e+03
8.030671233676659540e+03
6.067975074422432954e+03
1.830782729565915361e+04
1.574631207563095359e+03
1.436867679672795384e+04
1.572687089839186956e+04
1.659231454717569932e+03
1.020273789188593582e+04
1.879526653540341840e+03
7.426939079565039719e+03
9.586503919790478903e+03
1.203620241536336471e+04
1.459705116900120629e+04
2.010085075084042217e+02
1.046752705706583765e+04
1.789123945705483857e+04
1.843805715238652556e+04
4.350680922623454876e+02
2.051571544719043061e+01
5.569858290213604732e+02
1.301276417241514355e+04
1.385289366123188756e+03
9.253791312575911434e+03
-4.219645477593471696e+02
6.978795516887280428e+02
-1.632580908268881714e+01
1.896308795795792321e+04
1.859440358274850223e+04
1.567493018673575716e+04
1.380361895737266059e+04
8.806482534082837446e+03
6.296184092257173006e+02
1.788750319852441680e+04
2.429673329436506265e+03
-2.887125200973272854e+00
1.708872275602493028e+04
1.616385081169654586e+04
5.810559182182909353e+03
1.754498572370490001e+04
-6.122130787032189119e+02
6.536410679652756244e+02
2.678021857947440822e+03
1.537530101065025156e+04
2.558758514498414570e+03
-4.394863860081759412e+02
8.108948940669341937e+03
-4.730244729367710761e+02
2.080469996411134161e+03
1.847225621224148927e+04
-6.520581651698756787e+01
6.580093843349424105e+02
7.677017225654130925e+02
8.797323642084269522e+03
1.352952892584304755e+04
7.860387660275546295e+03
-5.014731322460455090e+02
1.113481744574734194e+03
7.855373125826354226e+03
1.390203532061733858e+04
9.296529419601682093e+03
9.277509739950984340e+02
3.750023824716100989e+03
1.026653872141539978e+04
8.847750571720429434e+03
6.149375555488681130e+03
1.642554019719505959e+04
-3.436350567341707460e+02
1.121141359439422445e+02
3.959720196551996310e+02
1.484158493441652354e+04
1.426010544304068333e+02
-5.683634688717942254e+02
1.534465813849326514e+04
1.324599604515298097e+03
-2.593450369014874468e+02
9.913039142962848928e+03
9.800244613745164315e+03
3.626786049645315416e+03
2.585601721645233738e+03
1.939424601198943265e+03
8.962392242003352294e+03
1.757433425606392120e+04
-5.826812840616769336e+02
2.777653044027231388e+01
-7.036904589218532919e+02
1.289684672919815421e+04
1.566789210979313066e+04
7.371756954614330425e+03
1.155971139730145478e+04
8.292706443605287859e+03
1.771690910126479503e+04
4.321221640412931265e+03
7.169118011780216875e+03
3.909027185691189061e+03
-6.956257006788757735e+01
-1.076043531093329051e+02
5.343942132617505195e+03
3.917175505027633335e+03
1.348292740674664856e+04
1.722090716751323998e+04
1.288501571194327335e+04
8.012863538417748714e+03
1.778950950917374939e+04
8.729329055765891098e+03
1.264073398272541453e+03
7.707159597753018716e+03
1.576446261459243760e+04
1.098820709045901822e+03
1.645036050824344898e+01
5.401453665355367662e+01
1.455620674448966747e+04
1.728427587270309118e+01
1.539858621853886871e+04
8.239116897259701773e+02
-2.039268419424186050e+02
1.404899698664236166e+04
9.814775948817545213e+03
1.779055915262485854e+00
2.299155911145311165e+03
1.819317746584471752e+04
4.655823817353207232e+02
2.759337746380118915e+03
2.986743665966555454e+02
1.765686032146733851e+04
1.722068964935576514e+04
1.678526906817442068e+04
4.582905090979251028e+00
1.202039187840550767e+04
1.579634158376178311e+04
1.156792513914752453e+04
-1.664913752462025798e+01
1.271655750252060102e+02
1.557579725550785770e+04
1.290972563226137879e+02
1.711580421308660505e+00
-4.037663622139849053e+02
1.636968648749538988e+04
1.601274611762415361e+03
1.600171943762572846e+04
-1.360312143055919876e+01
5.939407523163815313e+03
1.562860256066008878e+04
1.042703632408019985e+04
1.472641773886718147e+04
6.580558584848360226e+01
3.047768236011339013e+03
1.101560677066081735e+04
-9.815601981083591454e+01
-9.766671898557621745e-01
1.746068204199558386e+04
7.891071596172007048e+03
1.003032672755759995e+04
1.557350245330741927e+03
1.194202018243166094e+03
9.263964082110020172e+03
6.223347378894535495e+02
1.775941023512899847e+04
1.231646023321739222e+03
6.320436580333465827e+03
8.511775978261122191e+02
1.565107467739866115e+04
8.996351590136491723e+03
3.799594237947484544e+03
1.739467526913958136e+04
1.862195420694469794e+04
1.212370330457666512e+02
1.515041381175675997e+04
1.539560333625005660e+04
8.242813082182605285e+03
-1.534731744362226209e+02
5.690559401283818261e+03
2.009691146184185300e+03
1.501819968767829778e+04
1.347069235231143921e+03
1.588972438895081950e+03
1.272189791832130504e+04
7.094129176795432613e+03
7.260371969261717823e+03
1.319467671774542396e+04
1.908727426963450213e+00
8.279818905675920178e+03
1.354635687971404332e+04
8.700955264114527381e+03
1.559152845342048931e+04
1.754304299156666457e+04
8.553359413842439608e+03
1.418371305013692654e+04
-7.054809973610909424e+01
1.314717955030675148e+04
-9.755139684664662525e+01
8.495596676922135885e+03
1.723309501518076286e+04
1.700663978926220443e+04
