-4.870000000000000000e+02
-1.390000000000000000e+02
-4.410000000000000000e+02
-1.000000000000000000e+02
-1.650000000000000000e+02
7.300000000000000000e+01
1.293000000000000000e+03
-5.490000000000000000e+02
-8.100000000000000000e+01
2.900000000000000000e+02
7.000000000000000000e+00
-3.820000000000000000e+02
-2.600000000000000000e+01
-4.050000000000000000e+02
-1.450000000000000000e+02
2.580000000000000000e+02
3.820000000000000000e+02
-3.400000000000000000e+01
-3.960000000000000000e+02
1.079000000000000000e+03
-1.100000000000000000e+01
1.920000000000000000e+02
9.500000000000000000e+01
-2.150000000000000000e+02
-6.370000000000000000e+02
-5.060000000000000000e+02
-1.430000000000000000e+02
-1.100000000000000000e+01
-8.000000000000000000e+00
-6.050000000000000000e+02
7.330000000000000000e+02
-4.810000000000000000e+02
-3.940000000000000000e+02
1.337000000000000000e+03
1.134000000000000000e+03
-3.630000000000000000e+02
-7.100000000000000000e+01
9.460000000000000000e+02
3.600000000000000000e+02
2.390000000000000000e+02
-2.000000000000000000e+01
9.500000000000000000e+01
7.170000000000000000e+02
1.560000000000000000e+02
-7.770000000000000000e+02
-2.950000000000000000e+02
4.800000000000000000e+01
1.152000000000000000e+03
-2.200000000000000000e+01
-3.520000000000000000e+02
-4.070000000000000000e+02
8.740000000000000000e+02
4.300000000000000000e+01
2.800000000000000000e+01
-4.900000000000000000e+01
8.100000000000000000e+02
-3.590000000000000000e+02
-2.490000000000000000e+02
5.600000000000000000e+01
9.000000000000000000e+00
-1.860000000000000000e+02
9.000000000000000000e+00
-4.480000000000000000e+02
3.820000000000000000e+02
1.610000000000000000e+02
1.970000000000000000e+02
9.460000000000000000e+02
-4.450000000000000000e+02
2.050000000000000000e+02
3.200000000000000000e+01
-5.090000000000000000e+02
1.790000000000000000e+02
-1.840000000000000000e+02
3.040000000000000000e+02
-1.570000000000000000e+02
-1.770000000000000000e+02
-1.760000000000000000e+02
-4.500000000000000000e+02
5.600000000000000000e+01
4.730000000000000000e+02
-1.430000000000000000e+02
-3.900000000000000000e+02
-3.960000000000000000e+02
-1.920000000000000000e+02
-3.800000000000000000e+02
-1.000000000000000000e+01
-6.700000000000000000e+01
7.940000000000000000e+02
4.170000000000000000e+02
1.190000000000000000e+03
1.170000000000000000e+02
-3.450000000000000000e+02
-4.320000000000000000e+02
-4.640000000000000000e+02
-2.280000000000000000e+02
2.340000000000000000e+02
2.360000000000000000e+02
6.300000000000000000e+01
1.399000000000000000e+03
5.550000000000000000e+02
2.800000000000000000e+01
-1.320000000000000000e+02
5.000000000000000000e+01
2.650000000000000000e+02
1.390000000000000000e+02
1.190000000000000000e+03
1.648000000000000000e+03
3.340000000000000000e+02
-2.290000000000000000e+02
5.310000000000000000e+02
1.089000000000000000e+03
-2.820000000000000000e+02
-8.070000000000000000e+02
-3.950000000000000000e+02
2.570000000000000000e+02
-2.720000000000000000e+02
-9.700000000000000000e+01
-2.120000000000000000e+02
4.460000000000000000e+02
1.710000000000000000e+02
-3.620000000000000000e+02
5.090000000000000000e+02
1.290000000000000000e+02
-1.610000000000000000e+02
9.010000000000000000e+02
-5.450000000000000000e+02
2.950000000000000000e+02
5.910000000000000000e+02
-3.170000000000000000e+02
-3.600000000000000000e+02
1.500000000000000000e+02
3.930000000000000000e+02
7.280000000000000000e+02
-5.670000000000000000e+02
7.110000000000000000e+02
1.280000000000000000e+02
-8.000000000000000000e+00
1.031000000000000000e+03
-1.900000000000000000e+02
1.118000000000000000e+03
-2.150000000000000000e+02
1.067000000000000000e+03
-5.410000000000000000e+02
2.180000000000000000e+02
6.280000000000000000e+02
-3.000000000000000000e+00
1.342000000000000000e+03
3.900000000000000000e+01
-1.100000000000000000e+01
1.120000000000000000e+03
6.310000000000000000e+02
3.250000000000000000e+02
-9.000000000000000000e+01
1.117000000000000000e+03
-1.220000000000000000e+02
1.060000000000000000e+02
-2.620000000000000000e+02
-2.020000000000000000e+02
-2.530000000000000000e+02
1.000000000000000000e+00
3.900000000000000000e+01
-9.900000000000000000e+01
8.640000000000000000e+02
2.010000000000000000e+02
7.310000000000000000e+02
4.190000000000000000e+02
2.260000000000000000e+02
1.092000000000000000e+03
5.340000000000000000e+02
1.380000000000000000e+02
1.130000000000000000e+02
1.469000000000000000e+03
1.950000000000000000e+02
1.410000000000000000e+03
-2.570000000000000000e+02
2.810000000000000000e+02
-7.000000000000000000e+00
5.010000000000000000e+02
2.600000000000000000e+02
1.133000000000000000e+03
-3.430000000000000000e+02
1.330000000000000000e+02
1.380000000000000000e+02
-1.870000000000000000e+02
7.300000000000000000e+01
-1.100000000000000000e+02
2.300000000000000000e+01
-3.950000000000000000e+02
1.135000000000000000e+03
-4.450000000000000000e+02
1.470000000000000000e+03
9.780000000000000000e+02
-2.990000000000000000e+02
2.940000000000000000e+02
6.500000000000000000e+01
2.060000000000000000e+02
9.710000000000000000e+02
9.150000000000000000e+02
9.280000000000000000e+02
7.180000000000000000e+02
3.260000000000000000e+02
6.790000000000000000e+02
1.380000000000000000e+02
1.150000000000000000e+02
7.870000000000000000e+02
1.288000000000000000e+03
-3.480000000000000000e+02
1.950000000000000000e+02
9.690000000000000000e+02
1.234000000000000000e+03
-2.680000000000000000e+02
8.570000000000000000e+02
-7.340000000000000000e+02
1.350000000000000000e+03
8.940000000000000000e+02
8.410000000000000000e+02
-4.660000000000000000e+02
3.070000000000000000e+02
9.170000000000000000e+02
1.590000000000000000e+02
2.480000000000000000e+02
1.440000000000000000e+02
1.000000000000000000e+02
1.019000000000000000e+03
1.219000000000000000e+03
1.010000000000000000e+03
-4.270000000000000000e+02
1.570000000000000000e+02
1.480000000000000000e+02
5.850000000000000000e+02
1.193000000000000000e+03
8.310000000000000000e+02
1.059000000000000000e+03
-1.900000000000000000e+02
6.600000000000000000e+02
1.410000000000000000e+02
-3.430000000000000000e+02
-5.200000000000000000e+01
-1.420000000000000000e+02
2.700000000000000000e+01
7.810000000000000000e+02
-9.600000000000000000e+01
1.329000000000000000e+03
6.500000000000000000e+01
1.350000000000000000e+02
7.910000000000000000e+02
1.387000000000000000e+03
-1.040000000000000000e+02
1.154000000000000000e+03
1.780000000000000000e+02
1.105000000000000000e+03
-1.600000000000000000e+01
-2.000000000000000000e+00
8.870000000000000000e+02
2.490000000000000000e+02
8.950000000000000000e+02
-9.600000000000000000e+01
-3.570000000000000000e+02
1.075000000000000000e+03
1.235000000000000000e+03
1.042000000000000000e+03
8.300000000000000000e+02
1.440000000000000000e+02
-9.300000000000000000e+01
8.590000000000000000e+02
2.700000000000000000e+02
2.190000000000000000e+02
-4.130000000000000000e+02
-3.580000000000000000e+02
7.530000000000000000e+02
1.258000000000000000e+03
-2.790000000000000000e+02
-1.600000000000000000e+01
1.083000000000000000e+03
-9.200000000000000000e+01
-1.250000000000000000e+02
1.350000000000000000e+02
8.600000000000000000e+02
-1.780000000000000000e+02
1.164000000000000000e+03
-2.280000000000000000e+02
6.500000000000000000e+01
1.196000000000000000e+03
8.000000000000000000e+00
-1.000000000000000000e+02
1.339000000000000000e+03
4.450000000000000000e+02
4.000000000000000000e+00
5.510000000000000000e+02
2.560000000000000000e+02
1.044000000000000000e+03
2.880000000000000000e+02
9.800000000000000000e+01
3.420000000000000000e+02
1.136000000000000000e+03
-1.630000000000000000e+02
-4.860000000000000000e+02
5.220000000000000000e+02
-1.400000000000000000e+02
1.173000000000000000e+03
1.860000000000000000e+02
8.330000000000000000e+02
8.940000000000000000e+02
1.037000000000000000e+03
9.240000000000000000e+02
-1.210000000000000000e+02
-6.300000000000000000e+01
-2.600000000000000000e+02
9.820000000000000000e+02
7.650000000000000000e+02
-7.250000000000000000e+02
6.540000000000000000e+02
4.470000000000000000e+02
2.920000000000000000e+02
1.425000000000000000e+03
-1.380000000000000000e+02
9.700000000000000000e+02
9.120000000000000000e+02
1.880000000000000000e+02
6.780000000000000000e+02
9.360000000000000000e+02
-7.400000000000000000e+01
8.480000000000000000e+02
1.346000000000000000e+03
2.810000000000000000e+02
-3.000000000000000000e+00
2.290000000000000000e+02
1.600000000000000000e+01
9.810000000000000000e+02
1.878000000000000000e+03
6.730000000000000000e+02
1.416000000000000000e+03
1.001000000000000000e+03
-1.350000000000000000e+02
-3.120000000000000000e+02
6.570000000000000000e+02
9.000000000000000000e+00
2.560000000000000000e+02
9.600000000000000000e+01
4.400000000000000000e+01
-1.110000000000000000e+02
1.500000000000000000e+01
1.328000000000000000e+03
-1.560000000000000000e+02
-1.500000000000000000e+02
1.970000000000000000e+02
1.290000000000000000e+03
8.180000000000000000e+02
1.340000000000000000e+03
-1.050000000000000000e+02
-6.000000000000000000e+00
-9.000000000000000000e+00
2.100000000000000000e+02
-5.730000000000000000e+02
9.200000000000000000e+01
-2.400000000000000000e+01
1.802000000000000000e+03
9.000000000000000000e+01
9.300000000000000000e+01
2.420000000000000000e+02
2.130000000000000000e+02
2.980000000000000000e+02
8.720000000000000000e+02
-7.340000000000000000e+02
9.910000000000000000e+02
9.540000000000000000e+02
5.700000000000000000e+01
-3.220000000000000000e+02
1.190000000000000000e+02
1.259000000000000000e+03
-1.440000000000000000e+02
1.110000000000000000e+02
-4.430000000000000000e+02
6.200000000000000000e+02
4.000000000000000000e+01
1.162000000000000000e+03
2.560000000000000000e+02
5.340000000000000000e+02
1.166000000000000000e+03
-5.200000000000000000e+01
1.290000000000000000e+02
-1.090000000000000000e+02
2.820000000000000000e+02
6.800000000000000000e+02
-6.800000000000000000e+01
-1.110000000000000000e+02
2.310000000000000000e+02
1.182000000000000000e+03
3.430000000000000000e+02
-5.150000000000000000e+02
2.460000000000000000e+02
1.700000000000000000e+01
4.440000000000000000e+02
-1.700000000000000000e+01
2.180000000000000000e+02
1.140000000000000000e+02
8.900000000000000000e+02
6.500000000000000000e+01
1.301000000000000000e+03
1.275000000000000000e+03
-7.200000000000000000e+01
1.459000000000000000e+03
-1.800000000000000000e+01
1.168000000000000000e+03
6.270000000000000000e+02
5.800000000000000000e+01
9.390000000000000000e+02
1.186000000000000000e+03
-1.220000000000000000e+02
2.700000000000000000e+02
2.900000000000000000e+01
2.930000000000000000e+02
-5.200000000000000000e+01
1.194000000000000000e+03
1.618000000000000000e+03
7.430000000000000000e+02
-3.500000000000000000e+01
-7.200000000000000000e+01
-2.570000000000000000e+02
1.540000000000000000e+02
-2.990000000000000000e+02
2.170000000000000000e+02
1.340000000000000000e+02
2.660000000000000000e+02
1.179000000000000000e+03
3.500000000000000000e+01
1.159000000000000000e+03
4.210000000000000000e+02
-4.680000000000000000e+02
1.202000000000000000e+03
1.338000000000000000e+03
-2.600000000000000000e+02
-2.190000000000000000e+02
7.800000000000000000e+01
1.345000000000000000e+03
8.540000000000000000e+02
9.100000000000000000e+01
-1.440000000000000000e+02
1.188000000000000000e+03
2.060000000000000000e+02
1.199000000000000000e+03
1.372000000000000000e+03
3.210000000000000000e+02
1.774000000000000000e+03
-2.700000000000000000e+01
1.100000000000000000e+02
2.660000000000000000e+02
8.770000000000000000e+02
1.300000000000000000e+01
-1.800000000000000000e+02
6.550000000000000000e+02
0.000000000000000000e+00
7.600000000000000000e+02
6.650000000000000000e+02
1.580000000000000000e+02
1.312000000000000000e+03
-2.560000000000000000e+02
9.400000000000000000e+01
1.110000000000000000e+02
9.520000000000000000e+02
8.530000000000000000e+02
1.103000000000000000e+03
7.510000000000000000e+02
4.000000000000000000e+02
1.900000000000000000e+01
7.800000000000000000e+01
1.610000000000000000e+02
-2.530000000000000000e+02
5.300000000000000000e+01
-3.710000000000000000e+02
-4.360000000000000000e+02
8.130000000000000000e+02
1.693000000000000000e+03
-4.040000000000000000e+02
1.100000000000000000e+01
-6.710000000000000000e+02
2.320000000000000000e+02
-1.720000000000000000e+02
-4.770000000000000000e+02
-1.800000000000000000e+01
1.190000000000000000e+02
4.900000000000000000e+01
1.037000000000000000e+03
-1.600000000000000000e+01
7.550000000000000000e+02
-5.200000000000000000e+02
-1.660000000000000000e+02
1.230000000000000000e+02
-1.130000000000000000e+02
-4.500000000000000000e+01
6.490000000000000000e+02
9.490000000000000000e+02
1.340000000000000000e+02
4.090000000000000000e+02
1.405000000000000000e+03
-4.590000000000000000e+02
-6.430000000000000000e+02
1.154000000000000000e+03
-3.210000000000000000e+02
-1.880000000000000000e+02
5.390000000000000000e+02
2.630000000000000000e+02
6.080000000000000000e+02
1.640000000000000000e+02
9.570000000000000000e+02
4.700000000000000000e+01
6.550000000000000000e+02
1.418000000000000000e+03
1.112000000000000000e+03
-6.090000000000000000e+02
-9.000000000000000000e+01
2.920000000000000000e+02
1.038000000000000000e+03
1.470000000000000000e+02
-3.430000000000000000e+02
1.026000000000000000e+03
4.640000000000000000e+02
2.290000000000000000e+02
1.650000000000000000e+02
1.001000000000000000e+03
5.610000000000000000e+02
1.175000000000000000e+03
1.176000000000000000e+03
6.100000000000000000e+01
1.325000000000000000e+03
1.147000000000000000e+03
1.071000000000000000e+03
-5.080000000000000000e+02
1.555000000000000000e+03
-8.200000000000000000e+01
1.455000000000000000e+03
1.204000000000000000e+03
1.436000000000000000e+03
1.426000000000000000e+03
1.129000000000000000e+03
-4.460000000000000000e+02
4.000000000000000000e+00
-4.350000000000000000e+02
6.920000000000000000e+02
1.156000000000000000e+03
3.170000000000000000e+02
6.950000000000000000e+02
-2.480000000000000000e+02
4.150000000000000000e+02
5.000000000000000000e+01
1.109000000000000000e+03
1.355000000000000000e+03
1.315000000000000000e+03
-1.120000000000000000e+02
7.030000000000000000e+02
-1.020000000000000000e+02
1.090000000000000000e+02
1.541000000000000000e+03
1.278000000000000000e+03
-3.300000000000000000e+01
1.232000000000000000e+03
1.300000000000000000e+03
9.710000000000000000e+02
1.617000000000000000e+03
-9.900000000000000000e+01
1.319000000000000000e+03
1.009000000000000000e+03
1.188000000000000000e+03
1.770000000000000000e+02
1.369000000000000000e+03
-1.010000000000000000e+02
-2.360000000000000000e+02
7.960000000000000000e+02
1.787000000000000000e+03
1.135000000000000000e+03
1.265000000000000000e+03
3.900000000000000000e+01
1.428000000000000000e+03
3.550000000000000000e+02
1.470000000000000000e+02
-6.500000000000000000e+01
7.590000000000000000e+02
1.484000000000000000e+03
1.040000000000000000e+03
5.800000000000000000e+01
6.250000000000000000e+02
9.890000000000000000e+02
-2.300000000000000000e+01
3.600000000000000000e+01
-1.340000000000000000e+02
2.260000000000000000e+02
1.166000000000000000e+03
2.200000000000000000e+01
-2.170000000000000000e+02
2.480000000000000000e+02
-8.500000000000000000e+01
1.251000000000000000e+03
-1.150000000000000000e+02
1.191000000000000000e+03
1.040000000000000000e+03
3.700000000000000000e+01
1.188000000000000000e+03
3.810000000000000000e+02
-7.900000000000000000e+01
6.620000000000000000e+02
5.200000000000000000e+02
8.470000000000000000e+02
1.349000000000000000e+03
8.790000000000000000e+02
1.371000000000000000e+03
-7.300000000000000000e+01
-5.530000000000000000e+02
1.620000000000000000e+02
9.680000000000000000e+02
1.163000000000000000e+03
1.036000000000000000e+03
1.350000000000000000e+03
-1.420000000000000000e+02
2.300000000000000000e+02
9.610000000000000000e+02
1.020000000000000000e+03
1.173000000000000000e+03
1.405000000000000000e+03
7.000000000000000000e+00
1.193000000000000000e+03
-2.000000000000000000e+01
1.313000000000000000e+03
7.600000000000000000e+01
1.760000000000000000e+02
1.378000000000000000e+03
-2.500000000000000000e+01
1.060000000000000000e+02
1.195000000000000000e+03
-2.620000000000000000e+02
-3.190000000000000000e+02
1.691000000000000000e+03
1.161000000000000000e+03
2.050000000000000000e+02
-1.440000000000000000e+02
-2.210000000000000000e+02
9.880000000000000000e+02
1.440000000000000000e+02
6.480000000000000000e+02
1.970000000000000000e+02
1.201000000000000000e+03
-4.020000000000000000e+02
1.259000000000000000e+03
1.137000000000000000e+03
-8.100000000000000000e+01
1.171000000000000000e+03
-9.100000000000000000e+01
3.380000000000000000e+02
7.500000000000000000e+01
7.300000000000000000e+01
1.507000000000000000e+03
-6.400000000000000000e+01
-4.830000000000000000e+02
3.210000000000000000e+02
1.130000000000000000e+03
-3.440000000000000000e+02
8.320000000000000000e+02
7.690000000000000000e+02
7.700000000000000000e+02
6.590000000000000000e+02
7.800000000000000000e+01
-3.600000000000000000e+01
5.760000000000000000e+02
1.465000000000000000e+03
1.298000000000000000e+03
1.468000000000000000e+03
7.000000000000000000e+00
8.900000000000000000e+02
1.065000000000000000e+03
-3.740000000000000000e+02
7.500000000000000000e+01
-1.830000000000000000e+02
1.249000000000000000e+03
-3.250000000000000000e+02
-2.230000000000000000e+02
7.110000000000000000e+02
-4.710000000000000000e+02
3.520000000000000000e+02
-2.630000000000000000e+02
1.410000000000000000e+02
8.570000000000000000e+02
8.580000000000000000e+02
1.113000000000000000e+03
-1.200000000000000000e+01
-6.300000000000000000e+01
1.153000000000000000e+03
-9.100000000000000000e+01
-3.300000000000000000e+02
1.229000000000000000e+03
1.479000000000000000e+03
-3.000000000000000000e+01
-6.750000000000000000e+02
1.062000000000000000e+03
-1.070000000000000000e+02
7.970000000000000000e+02
2.550000000000000000e+02
5.830000000000000000e+02
2.600000000000000000e+01
1.186000000000000000e+03
-5.000000000000000000e+00
4.000000000000000000e+01
1.140000000000000000e+02
1.960000000000000000e+02
1.208000000000000000e+03
-2.480000000000000000e+02
-4.160000000000000000e+02
4.660000000000000000e+02
8.010000000000000000e+02
1.205000000000000000e+03
-5.710000000000000000e+02
3.180000000000000000e+02
1.320000000000000000e+02
-6.400000000000000000e+01
-2.930000000000000000e+02
-1.840000000000000000e+02
1.148000000000000000e+03
7.970000000000000000e+02
1.185000000000000000e+03
-1.000000000000000000e+00
-7.440000000000000000e+02
2.530000000000000000e+02
-2.400000000000000000e+01
-9.600000000000000000e+01
7.280000000000000000e+02
1.340000000000000000e+03
2.110000000000000000e+02
3.590000000000000000e+02
1.096000000000000000e+03
-3.350000000000000000e+02
-1.010000000000000000e+02
1.219000000000000000e+03
-2.800000000000000000e+01
7.100000000000000000e+02
6.300000000000000000e+02
1.208000000000000000e+03
1.070000000000000000e+03
7.690000000000000000e+02
6.400000000000000000e+02
1.208000000000000000e+03
2.200000000000000000e+01
1.451000000000000000e+03
-1.780000000000000000e+02
1.344000000000000000e+03
6.860000000000000000e+02
-1.850000000000000000e+02
1.420000000000000000e+02
8.860000000000000000e+02
1.007000000000000000e+03
9.800000000000000000e+01
-4.360000000000000000e+02
1.172000000000000000e+03
8.390000000000000000e+02
2.460000000000000000e+02
-3.780000000000000000e+02
1.106000000000000000e+03
7.490000000000000000e+02
4.020000000000000000e+02
1.048000000000000000e+03
1.240000000000000000e+03
-3.390000000000000000e+02
1.890000000000000000e+02
1.139000000000000000e+03
1.141000000000000000e+03
2.920000000000000000e+02
1.219000000000000000e+03
-1.010000000000000000e+02
1.257000000000000000e+03
1.085000000000000000e+03
1.205000000000000000e+03
1.583000000000000000e+03
-5.490000000000000000e+02
1.176000000000000000e+03
6.180000000000000000e+02
1.207000000000000000e+03
2.330000000000000000e+02
-5.010000000000000000e+02
-6.200000000000000000e+01
8.830000000000000000e+02
-1.460000000000000000e+02
-1.550000000000000000e+02
1.361000000000000000e+03
-2.960000000000000000e+02
3.900000000000000000e+01
1.154000000000000000e+03
1.013000000000000000e+03
8.200000000000000000e+01
-4.100000000000000000e+01
3.200000000000000000e+02
8.380000000000000000e+02
1.243000000000000000e+03
1.428000000000000000e+03
4.450000000000000000e+02
8.550000000000000000e+02
-3.840000000000000000e+02
2.700000000000000000e+01
9.710000000000000000e+02
-3.310000000000000000e+02
1.730000000000000000e+02
1.052000000000000000e+03
1.650000000000000000e+02
1.192000000000000000e+03
-2.400000000000000000e+02
9.690000000000000000e+02
1.145000000000000000e+03
1.578000000000000000e+03
3.550000000000000000e+02
6.070000000000000000e+02
1.339000000000000000e+03
9.210000000000000000e+02
1.375000000000000000e+03
8.450000000000000000e+02
1.253000000000000000e+03
1.230000000000000000e+02
9.620000000000000000e+02
-9.100000000000000000e+01
8.360000000000000000e+02
1.721000000000000000e+03
2.920000000000000000e+02
3.380000000000000000e+02
6.620000000000000000e+02
1.086000000000000000e+03
9.890000000000000000e+02
1.302000000000000000e+03
2.250000000000000000e+02
1.109000000000000000e+03
1.890000000000000000e+02
1.322000000000000000e+03
-4.540000000000000000e+02
1.284000000000000000e+03
1.010000000000000000e+02
1.186000000000000000e+03
9.300000000000000000e+02
1.191000000000000000e+03
1.322000000000000000e+03
1.077000000000000000e+03
8.080000000000000000e+02
9.770000000000000000e+02
-5.100000000000000000e+01
1.020000000000000000e+02
1.087000000000000000e+03
7.240000000000000000e+02
3.360000000000000000e+02
5.550000000000000000e+02
9.650000000000000000e+02
8.520000000000000000e+02
1.214000000000000000e+03
5.400000000000000000e+01
2.110000000000000000e+02
-4.300000000000000000e+01
2.550000000000000000e+02
1.034000000000000000e+03
1.200000000000000000e+01
1.096000000000000000e+03
-4.490000000000000000e+02
7.500000000000000000e+01
-1.010000000000000000e+02
7.500000000000000000e+02
-7.800000000000000000e+01
9.840000000000000000e+02
2.170000000000000000e+02
-2.170000000000000000e+02
6.660000000000000000e+02
1.181000000000000000e+03
1.016000000000000000e+03
5.850000000000000000e+02
1.385000000000000000e+03
-3.400000000000000000e+01
9.100000000000000000e+02
1.131000000000000000e+03
4.160000000000000000e+02
2.970000000000000000e+02
2.990000000000000000e+02
1.165000000000000000e+03
-9.400000000000000000e+01
9.750000000000000000e+02
7.250000000000000000e+02
1.275000000000000000e+03
2.140000000000000000e+02
-1.390000000000000000e+02
7.240000000000000000e+02
1.220000000000000000e+02
-2.700000000000000000e+01
1.210000000000000000e+03
9.980000000000000000e+02
-1.140000000000000000e+02
3.410000000000000000e+02
2.900000000000000000e+02
1.251000000000000000e+03
1.125000000000000000e+03
-9.100000000000000000e+01
3.540000000000000000e+02
1.284000000000000000e+03
2.450000000000000000e+02
4.900000000000000000e+01
-9.000000000000000000e+00
2.150000000000000000e+02
1.186000000000000000e+03
9.260000000000000000e+02
1.240000000000000000e+03
1.140000000000000000e+02
2.070000000000000000e+02
1.085000000000000000e+03
2.740000000000000000e+02
2.050000000000000000e+02
-6.000000000000000000e+00
1.620000000000000000e+02
1.092000000000000000e+03
1.509000000000000000e+03
1.257000000000000000e+03
1.175000000000000000e+03
3.140000000000000000e+02
-4.380000000000000000e+02
4.770000000000000000e+02
-8.600000000000000000e+01
-4.470000000000000000e+02
1.340000000000000000e+03
8.530000000000000000e+02
1.518000000000000000e+03
1.368000000000000000e+03
2.360000000000000000e+02
-4.900000000000000000e+01
1.258000000000000000e+03
2.450000000000000000e+02
8.320000000000000000e+02
1.010000000000000000e+02
1.670000000000000000e+02
1.270000000000000000e+02
5.440000000000000000e+02
9.060000000000000000e+02
1.200000000000000000e+01
1.162000000000000000e+03
-9.800000000000000000e+01
2.700000000000000000e+02
1.033000000000000000e+03
-5.600000000000000000e+01
1.508000000000000000e+03
1.238000000000000000e+03
4.600000000000000000e+01
1.397000000000000000e+03
2.830000000000000000e+02
1.236000000000000000e+03
1.071000000000000000e+03
1.242000000000000000e+03
-3.500000000000000000e+01
1.412000000000000000e+03
8.020000000000000000e+02
9.460000000000000000e+02
9.600000000000000000e+01
2.180000000000000000e+02
1.009000000000000000e+03
-1.140000000000000000e+02
-3.200000000000000000e+01
3.300000000000000000e+01
8.670000000000000000e+02
1.265000000000000000e+03
5.140000000000000000e+02
9.720000000000000000e+02
1.174000000000000000e+03
3.800000000000000000e+01
1.175000000000000000e+03
3.100000000000000000e+02
1.197000000000000000e+03
1.047000000000000000e+03
-1.040000000000000000e+02
-6.260000000000000000e+02
3.960000000000000000e+02
-5.800000000000000000e+01
8.280000000000000000e+02
-4.800000000000000000e+01
4.850000000000000000e+02
4.400000000000000000e+02
1.130000000000000000e+03
1.021000000000000000e+03
8.840000000000000000e+02
8.690000000000000000e+02
3.690000000000000000e+02
5.490000000000000000e+02
1.283000000000000000e+03
1.465000000000000000e+03
1.206000000000000000e+03
1.133000000000000000e+03
7.820000000000000000e+02
9.210000000000000000e+02
1.468000000000000000e+03
1.083000000000000000e+03
1.389000000000000000e+03
8.340000000000000000e+02
1.035000000000000000e+03
1.370000000000000000e+02
1.036000000000000000e+03
1.047000000000000000e+03
6.240000000000000000e+02
7.260000000000000000e+02
-1.010000000000000000e+02
6.700000000000000000e+02
-1.040000000000000000e+02
5.930000000000000000e+02
1.450000000000000000e+02
6.310000000000000000e+02
1.289000000000000000e+03
1.900000000000000000e+02
1.780000000000000000e+02
8.000000000000000000e+02
1.325000000000000000e+03
4.000000000000000000e+01
9.420000000000000000e+02
-4.620000000000000000e+02
1.400000000000000000e+02
-5.300000000000000000e+02
6.280000000000000000e+02
-1.050000000000000000e+02
1.093000000000000000e+03
6.480000000000000000e+02
1.187000000000000000e+03
1.395000000000000000e+03
6.870000000000000000e+02
-7.010000000000000000e+02
1.307000000000000000e+03
4.300000000000000000e+01
1.281000000000000000e+03
-1.290000000000000000e+02
-2.070000000000000000e+02
1.090000000000000000e+02
4.860000000000000000e+02
1.423000000000000000e+03
-1.270000000000000000e+02
1.350000000000000000e+03
8.450000000000000000e+02
2.200000000000000000e+01
1.530000000000000000e+02
-1.600000000000000000e+01
6.210000000000000000e+02
-1.020000000000000000e+02
-1.010000000000000000e+02
7.060000000000000000e+02
2.120000000000000000e+02
1.063000000000000000e+03
7.990000000000000000e+02
1.833000000000000000e+03
1.350000000000000000e+02
1.193000000000000000e+03
-2.400000000000000000e+01
1.025000000000000000e+03
4.400000000000000000e+01
1.353000000000000000e+03
-1.350000000000000000e+02
1.328000000000000000e+03
9.940000000000000000e+02
1.042000000000000000e+03
-9.800000000000000000e+01
1.041000000000000000e+03
1.447000000000000000e+03
1.800000000000000000e+01
-4.360000000000000000e+02
-2.540000000000000000e+02
9.770000000000000000e+02
-1.050000000000000000e+02
-4.570000000000000000e+02
-1.010000000000000000e+02
-3.250000000000000000e+02
2.080000000000000000e+02
1.470000000000000000e+02
-7.590000000000000000e+02
8.400000000000000000e+01
-8.200000000000000000e+01
5.060000000000000000e+02
9.000000000000000000e+01
1.425000000000000000e+03
5.700000000000000000e+02
1.180000000000000000e+03
3.320000000000000000e+02
-4.600000000000000000e+01
-1.950000000000000000e+02
-3.000000000000000000e+01
1.716000000000000000e+03
1.000000000000000000e+03
-4.840000000000000000e+02
2.300000000000000000e+02
1.081000000000000000e+03
1.019000000000000000e+03
9.310000000000000000e+02
7.500000000000000000e+02
-2.570000000000000000e+02
1.700000000000000000e+01
7.700000000000000000e+01
8.320000000000000000e+02
1.066000000000000000e+03
-4.640000000000000000e+02
2.330000000000000000e+02
-4.580000000000000000e+02
1.405000000000000000e+03
1.300000000000000000e+03
1.578000000000000000e+03
1.042000000000000000e+03
-9.400000000000000000e+01
-4.200000000000000000e+01
8.570000000000000000e+02
9.970000000000000000e+02
3.150000000000000000e+02
1.290000000000000000e+02
1.327000000000000000e+03
5.130000000000000000e+02
